12144
10773
16491
3467
16297
4891
-815
347
-15520
-4886
15964
2154
16637
3777
-2232
1662
-15660
17608
16934
17018
3664
-15516
17055
5302
-15244
-2157
157
-15540
-4271
38
-1401
61
-16353
-4105
-15401
-6060
850
-15044
-3844
1949
-2015
15863
2887
-1353
1256
15976
17027
-15534
18292
5707
-16080
-1762
-14867
-15964
16322
2606
16269
-16093
-5990
1239
-2574
17356
-15785
17808
-16304
16941
4233
-2664
1183
-1753
-977
891
799
16159
16655
-15635
-4832
-15648
-3463
1981
-1739
16908
3987
-167
825
-818
-15203
16950
3330
-1263
1545
17067
16747
2847
-1817
-14804
-16266
-2230
16094
-16307
-3222
-14959
17284
-790
-15194
-4117
2034
454
-15605
-5348
252
-16082
-2085
17170
3833
-15338
-3906
16941
16647
16723
3275
-429
1219
370
17528
16665
-15563
16847
3874
-2213
-14546
-16127
16754
16809
1330
1067
-13950
-4701
2573
-15495
16976
17071
2401
16838
16921
17190
4564
-15670
16514
17216
-15938
-2998
1573
-1990
16031
17186
1102
454
-15332
16257
17175
1309
-14880
-2606
-207
-877
-15727
17697
3510
17109
-14599
16480
16213
3304
-2298
17360
-15752
-5655
16281
2946
422
-471
234
1001
-1322
-463
-15575
-2763
682
-15419
-15839
-2091
1174
-991
-404
-824
-1023
950
-14701
-4435
31
228
-168
16788
3190
-1418
-15612
16525
3689
16380
3888
16260
4582
-15297
-1752
-15684
-3203
16095
16824
2108
16076
3764
-2408
16983
2635
-1055
16475
4246
-589
16848
-15038
18060
4579
-2018
1649
-1986
-338
184
16797
4539
-390
1512
-15419
-4070
2275
27
17100
3733
20
1267
-156
-172
-15443
16691
17034
17506
17016
17892
3735
113
610
739
-15270
-4675
2595
-14421
-3717
352
-16524
-3585
-16096
-4751
-14850
-5518
3311
-14443
-3458
1377
-534
-15244
17414
-15190
-6308
1051
-15100
-15469
-3576
-151
-15905
-15805
-15557
-4073
64
-968
1646
-1648
-704
-16002
-15988
18037
-15190
17380
5826
-1473
16185
1808
-1571
1201
16335
16809
16246
-15783
-5483
17239
16282
2715
-1715
16507
3491
-2242
132
-366
16839
-15571
-16370
-1245
-613
-25
16376
4606
16130
16740
-16057
-16152
-15689
17472
5297
-3283
52
-16540
-2653
16155
16535
16673
2440
-15365
-4212
-14611
-2664
1881
17613
4893
-2618
-15897
-15573
-2860
658
1242
-14673
16415
5336
-15621
-1675
1137
110
1482
-14926
-4385
550
-15072
-1871
-14637
-4918
2965
-1876
-764
-254
-15395
16719
4772
-15449
17279
-14922
-6237
1632
-15880
17112
-14704
-5562
3479
16375
-17420
-15497
17352
-16191
-14987
16894
17065
2388
751
-1338
288
753
16475
16998
16359
2227
-983
-242
-1176
16381
16414
1459
422
-13838
-4633
237
-792
-832
17576
-14650
17137
16281
2499
16833
4114
-2268
1734
-1421
17454
16519
-15295
-5359
37
-2
883
16179
3188
-1068
17271
4128
81
1101
-20
-232
-736
17192
16701
-15252
-5214
2801
-14194
17836
4614
-3126
113
-1439
-717
-1029
-704
247
16813
4141
16812
2820
16946
5153
-15888
16994
3008
15596
3839
15529
4033
16237
4255
-15824
-4055
1309
615
-94
-1168
-637
-16060
-4262
-266
17073
3755
-1393
16295
4158
-276
17066
16927
17685
17065
-14815
-5548
5
-16262
-15651
17517
16929
-15556
-2693
38
16171
3999
17104
4902
16818
5540
-15656
-2014
-14527
-16071
-2823
-14633
-4779
16132
3126
557
-14930
-4523
-15551
16171
-16357
17241
4252
-2498
1053
-972
-15529
-1707
-15479
18208
5456
-15246
-1402
-14939
-15680
-1227
-238
-680
-768
973
-14065
-3198
1866
-264
17225
4381
-568
16987
-15166
16338
-15094
-4224
-14962
-4117
-14635
-5677
16317
3739
-2568
16717
-15205
-4070
16336
3951
-15672
17878
-14574
-4609
2470
-339
17423
16880
1825
-15404
-16146
-1919
836
930
-14944
-5254
16540
-14981
17608
5156
-15425
16150
16626
1592
16559
16968
3416
-1514
16706
3853
-15787
-2126
-9
-30
1354
-863
419
1026
-14886
-2649
623
-1277
-550
430
1150
159
17053
-15651
-5860
3195
-14733
-2946
16275
-15214
16500
3522
17154
4124
16354
4907
-3675
16011
-15055
18268
5270
-4307
3811
-14232
16786
-14917
17206
16296
17134
-15435
-16163
-15677
16924
-16165
2267
16817
-15499
-5778
3463
-3040
-39
-15924
-2438
180
-910
-16062
-3259
2077
-15760
16773
3790
-1899
1862
-15477
17521
6162
-1085
17375
-14909
-5823
1088
-15635
17780
4129
-2271
17314
2597
-15637
-16204
-3336
-15535
17097
4189
-1595
1086
-15276
-16197
-3507
-15464
-15462
16867
17307
-14809
17146
-15084
-6412
16164
-15699
-4329
2101
16324
3225
-2086
1519
-1304
778
771
-14597
-15423
-1719
1367
-921
-458
-15850
-15886
-15764
-2117
-15262
-3570
16243
16628
16719
16385
3265
-15012
-3887
1703
16167
16662
2865
-15218
-16187
-15500
-3783
1329
761
-14661
16798
16950
17680
4045
-658
1411
-15318
17309
3832
-1940
-15778
-3065
-14114
-5200
2721
-1382
-980
16513
-14804
-4560
16252
-15170
17846
-16272
-16029
-4150
16840
3031
-15053
-2280
16905
16831
-15608
-16063
-3336
1031
564
16920
3592
16754
2531
16256
-15701
-4304
2047
202
-14811
17493
-14430
16682
6193
-4918
16398
-15929
-3846
1566
-15050
-4607
15957
3526
-1637
16210
16756
1988
-1491
16641
3807
-73
-15803
-16260
-15558
16740
-14438
-5223
-15004
17914
5770
16726
5879
-762
390
-1190
-913
-578
-15459
-2917
1634
-14621
-16159
17299
-14865
-16082
-15133
-3328
16571
-16587
-5403
872
-936
17158
2899
-15955
17047
-14516
17096
-15701
2021
-15279
-15413
-15449
-2228
1004
-396
-14703
17912
-16188
-16161
16439
17332
1998
16776
4160
-2568
1933
-2501
1738
-13866
-4278
551
-15070
-3764
-15712
-3036
1015
-1264
-604
16875
3848
-522
1451
-1348
16439
16397
-15012
-5555
15854
2022
-1427
-497
401
16557
16837
2371
-15126
16103
3181
17598
-15385
16839
-2515
-1343
16964
2966
16227
4398
-15941
-3984
-15598
-15717
-2588
-16098
-15647
-1289
1293
17569
17195
-14787
-15765
17540
16971
-15114
16254
5048
-15251
-16002
16543
-15207
17374
5165
-15805
-2735
-14888
-3033
2722
-14978
16844
-14429
17341
-15005
-5457
16526
-15622
17056
-15636
-15241
16934
5406
-14899
-2833
1387
-1668
-221
-16027
-2737
1663
-1889
-39
-16252
-4396
-15974
-2706
1347
15692
17239
-15965
-2605
-15182
-3998
2272
55
1103
-443
-15026
-2366
-15563
-15549
-15838
16929
16389
1445
-1401
-203
-16443
16602
4647
-15848
16198
4759
-15098
-3312
16252
17194
3085
16869
4859
-658
625
-15558
-2451
829
-15199
-1770
646
16065
16681
-15455
-15461
-1956
16629
4784
-2601
15872
2968
-1729
-520
391
-881
16794
3262
-261
1226
17278
3186
-15471
-3570
984
15735
5053
-584
448
-15293
17403
5135
15510
17120
16731
17254
1840
15599
16654
-16014
-2624
70
15809
4703
-567
17071
3749
-1220
-791
16994
-14543
-16301
17655
17226
1844
-1048
-945
555
996
446
992
-14796
-4467
-22
354
920
16335
2996
-396
1217
-1210
-14682
-16098
-15296
-15866
-15310
-15523
-3599
-243
1059
-15194
-3914
-15501
-15802
-15422
-15533
17865
-14900
18324
-15269
16564
-16046
17293
5772
-1294
1952
17320
16324
3098
-14858
-15586
-3549
-16034
-2639
770
176
954
16164
4221
-3047
16287
3182
17027
4677
-2842
1282
-1933
-14999
-2567
15825
16785
16760
16573
1686
-15787
-15978
-2038
17344
3770
-891
-14927
16311
5835
-14762
-2655
-15817
-4604
-14875
-6212
678
-16428
-2068
15992
3635
-1510
-15184
-2394
771
16860
16395
-15804
16177
5603
-15798
-1419
-15292
-15712
-15803
-2681
15974
17028
3121
-1122
-15249
-5217
-15753
-2814
947
16231
16826
17851
3783
-15716
-16036
-15889
-1745
75
16786
3807
-1956
1668
-2144
16586
3707
-1308
1322
-15256
-4177
17220
16898
3251
-1533
-14930
-5256
-122
569
-15029
-3610
1824
-15196
17790
3512
-2147
1592
456
-15750
-4632
-12
-15889
-16123
16979
3434
-1894
43
-368
-516
-550
133
16877
-15753
-3488
1878
-1669
-15878
-2814
2147
-15725
-2220
-14422
-3393
16082
16693
-15735
-3143
341
92
-14805
-4824
826
-15172
16170
3841
-2830
523
-16608
17076
17108
1185
-508
-1191
117
-14627
-15680
16081
5242
-15272
16295
4815
-298
588
-457
1476
-15374
-2474
-14148
-4032
16392
2323
-1532
16173
4245
-15697
17706
3789
-15505
-15393
-15763
-15840
-3572
2310
-2022
15937
-15018
-4690
424
17400
5347
-15200
17816
4463
-15294
-16068
-4299
16928
3030
-15626
-15781
-2153
1091
-682
-15540
-4927
2548
-1708
-482
-781
-15554
-1862
-14522
18380
5956
-15741
-15396
-15417
-16159
17319
-14672
-5292
3260
16675
-16371
-16047
18378
4415
-2676
15918
3150
-15261
-15678
-4893
15885
-15608
18080
5217
-3517
92
16512
16723
1391
17662
3063
-993
-14559
-16157
-3449
-436
16352
16439
1218
-15867
-15482
17620
17251
976
16387
-15216
-5254
2435
-2550
1783
16768
17088
2307
-653
15971
2535
-2156
17239
-14752
-5223
-15275
-3107
-15374
-5198
1057
-2076
17200
-15532
-5223
3060
-463
157
-15844
-4983
17445
2941
-1562
-597
-15165
-15497
17303
4098
16410
3626
16597
4791
-2835
-14811
-2457
-15321
18402
5858
-752
702
-415
-742
-740
-1007
16453
2813
-227
-15050
-3904
2065
-194
16948
4585
-2235
15748
2484
-15580
-16264
17724
4544
16138
16687
17320
4230
-2804
16092
3130
16189
-14655
-6388
-15872
-15929
-3250
16953
-15432
-3892
1585
-1918
17214
3690
244
-15971
-4272
-15496
-2954
-15146
-16229
-2970
-635
16414
17255
16401
-15050
-5253
-15621
18072
4599
-2884
2213
-1936
15411
16397
3314
409
-411
-1817
17272
-15652
17036
5837
-14453
16760
4437
-574
1500
-1600
-831
16561
3972
-2503
-15677
-15552
-2110
1321
-15926
-4783
15895
-15418
-3643
16614
-15550
-4761
-8
16427
5189
-652
17011
2926
-15486
17190
-15104
-5989
-15382
-3773
16714
3882
-15704
-1830
-15034
18196
5165
-15807
-4176
-465
-15874
-4475
17092
2300
-1010
-539
16006
4501
-15388
-4467
17065
-15468
-5614
16350
2324
15996
16535
-15326
-15740
17517
3807
37
-15160
-5363
16152
2304
-202
-166
-15591
-4526
-521
16620
-15018
17930
-14443
16652
-15028
-15774
-2906
-195
17556
3589
-15195
-15719
-3918
-429
1082
1055
16365
3940
-15647
-15835
-4455
15831
2310
16088
-16009
-5763
15913
16668
-15716
-5753
2887
-14148
16329
3927
-2052
-15210
-16185
-743
-14759
17584
-15644
-6112
-15206
-6021
16169
2881
-15364
-1961
-251
-15493
-15465
-3981
16557
4767
-15336
17788
-15763
-6278
16607
2055
332
16213
2012
-16629
-15687
-3993
17367
2844
-265
-14733
-15830
-1452
1307
-958
-1027
1288
-14655
16656
4782
-15046
-15331
16868
16988
-15459
-2430
1282
16205
-15662
-3707
-14995
-4148
16216
1578
323
-14658
-16137
-3186
-15964
-5562
16218
3205
-2065
68
-15245
16740
-15792
-4366
2990
-15354
17154
-15084
16598
5923
-14464
-1279
-1290
16739
4035
16665
16924
1013
-1224
-747
534
-1168
-625
-15912
-4523
2537
-2519
15843
3471
-1614
15919
4352
15959
16831
-16167
-4565
2075
16179
16786
2720
312
964
-1344
-1144
1344
-15014
16856
4111
-1633
1670
17211
16371
16376
2043
-332
-13911
-4607
2019
16626
17199
16169
3634
16127
16461
17401
16989
1630
-790
1248
-1213
16583
16623
-15548
-3150
866
-1998
17168
3405
17344
4735
15659
5449
-495
1383
89
-710
-957
16432
16940
16582
-15201
-5097
-15543
18310
-16261
16822
3573
-15384
17305
3199
-15290
-15413
17010
17106
1565
212
-484
-15626
-2269
901
-1730
16743
3128
-1953
17061
2305
-1182
-15954
-5344
-15349
-16290
-15353
16192
-16100
-3517
-14529
-4233
1942
-15566
-16022
-1703
-14967
-3206
1934
-1648
1226
-1204
1288
329
17024
-14738
17898
4551
16209
-16252
2435
-1575
1139
-14260
-3750
230
-1527
1985
-14421
-3877
-15460
-3013
1613
-15440
-3744
-16077
16257
5482
-3142
2556
16086
16682
-15389
-3311
1830
-2416
1912
-14153
-3100
1761
-1566
1179
560
1341
-1451
15383
-14696
-16111
-3212
817
-14888
-3115
16425
2521
-15170
17365
5343
-3593
15948
3173
68
-14842
-15660
-3101
-1032
-354
-15504
18054
-16374
-16079
17398
16835
17528
-14793
17278
-15876
-16140
-3795
15823
2335
16259
4445
-2960
16766
-14733
17596
-16102
459
1036
-1360
157
-372
482
16065
4887
164
-14658
-2275
-14735
16247
-15659
16615
-158
-15071
-3799
372
-1976
2185
-15012
16437
4346
-15628
-1654
16970
2347
428
-685
-151
-14727
-15708
16478
4782
105
1130
17331
5334
-607
17120
-15421
17273
16253
2823
15914
4740
-15329
-15336
-2586
15859
-16289
-3153
579
16181
4162
16460
3722
-2564
17462
2305
-363
-14623
-16015
-3300
1883
522
17277
-14942
-4834
-14868
17050
-15597
-14807
-4007
-15842
-15993
-15326
-4703
16813
3266
-15784
17155
16684
2757
433
16655
3545
16447
3106
17270
16683
2888
-14919
-3210
736
-15646
-1762
63
-1435
-240
-1610
16519
4020
16725
16983
1223
302
-13926
-16144
-15605
16877
-15859
-3455
-15080
-3934
-15164
-3160
822
15925
-14898
17192
16199
2487
-1543
-15691
-2779
945
99
-14863
-15532
-15484
-3384
2100
16213
5200
-14651
-16148
-1773
-15581
-3114
1672
177
17
16685
16972
3419
-14965
-3171
15834
3873
-2109
1331
-2044
15950
17229
16480
16526
16205
-14917
-15769
-1487
16574
2617
-14996
-3834
1002
15906
-15531
-5436
-15050
-5463
-15111
-5855
-14842
-2949
2038
426
-15976
-3123
1942
-2650
15860
-15619
17244
5971
-16054
-1570
1268
-1707
1707
-14204
-4118
2245
-2001
16243
3703
-241
-14918
-15458
-1644
16635
2965
-15167
17367
4641
-2491
1748
15520
-16247
-5910
-15072
17934
3996
-2092
-15359
17048
-16213
-16076
17263
16627
17586
-15943
-3712
1482
-1173
16340
2215
-586
16716
17119
2922
16864
4949
-14404
17543
16709
1431
-896
-1398
1165
-14009
16626
5068
-3229
-165
17459
3471
16691
-15389
18330
-15824
-140
17019
2586
16480
4947
-15921
17091
3241
16782
3938
-454
-15107
16366
-14784
16643
-158
-15210
17704
4504
16672
-15071
17671
-16034
-15939
-15507
17867
3164
-1854
16961
16661
3220
-1595
1284
466
897
-15283
-15466
-1430
-193
462
-574
-1051
497
17076
3798
16717
-16078
-6597
3465
-14221
-3531
17277
16416
17187
-15346
-3393
-15354
-3857
16836
4158
-1718
-453
-16185
-16130
-15526
-3564
-362
17589
-16065
17267
-2779
1212
-1430
16126
-15615
-3888
-14637
-3977
1888
17490
3077
16430
3247
-1288
900
-690
15824
-14732
-6060
-15891
-3582
16157
2383
-16037
16821
16740
-15275
-15746
17229
2628
16108
4435
17565
3503
17170
16486
17623
2493
15504
16609
1101
353
-958
350
918
-1126
-627
-1228
16453
3300
-996
1661
-15449
-2276
850
-1740
1578
-15333
-3094
16381
-14881
-5256
246
-745
1696
-1361
16808
4323
-15773
-3690
-394
539
-15045
-15404
-16050
-2412
1333
-783
-15073
17526
3004
17578
-15180
-4637
2179
-1757
-14989
17836
-15308
16810
-15820
-4697
16831
17842
3823
16991
16388
1436
-1200
-960
-1094
1185
-1706
-740
-15670
-4803
15990
3220
17334
4795
-3201
-583
17431
2513
16080
3501
16672
4728
-754
456
-352
16902
4606
-2827
-533
-1275
854
16802
4400
87
-16014
-2817
372
16388
4572
-556
1646
-15509
-4243
438
-284
15887
-16008
-16107
-15739
-15517
-2960
1269
16234
5519
-3149
15873
3836
-15798
-1873
-15175
-4462
-15131
-3172
1887
17362
3062
16006
4405
16594
-14686
-5559
-15371
18194
-14711
-4277
2702
-2811
2693
-14219
-4294
-15441
-15527
-1225
16611
4844
-15229
-2776
1600
-15212
-16084
-15975
-16147
17161
3951
-1831
1914
-2475
1909
-14211
16814
4354
-2216
-65
-1431
-15773
-2386
1483
17373
4773
112
-278
16076
3782
-15086
-1915
-471
-14857
-15969
17818
4884
-15037
-3336
1366
544
1181
689
-1101
-1076
971
-1140
16387
3126
-1591
-15736
-4879
1756
-748
-14962
16327
4056
-16073
16643
4411
-306
1611
-2051
-611
156
17013
2166
16410
5212
-917
17248
4198
-238
16924
4226
-2477
15746
3457
346
-697
16744
-15465
-5048
-15061
17938
4578
-1271
-14673
-4595
-15538
16609
5558
15688
-16015
-3336
-14409
17904
-15375
-6523
16176
-15306
-4359
2133
-2465
-16038
-2161
-388
16271
-14990
16752
5082
-2538
17279
16600
-15943
-15833
-3304
-880
-977
1387
-1692
16261
3184
-975
-113
-1257
523
16855
4210
16178
2789
-2433
1657
16445
16881
16202
-15402
17166
18135
2757
15662
4026
-15956
-3900
1555
113
139
-15310
16763
17198
1004
849
-1158
360
988
-744
-888
349
-245
-15749
17356
3535
16675
17283
1304
-290
17128
-16265
-5686
3356
-14376
-1902
-14492
-4634
610
-15021
-3618
-627
17633
-14708
-5887
2900
-220
17289
16827
16227
3317
-2242
1090
16825
17253
3145
600
-956
-921
-15552
-15409
-16034
-15915
-1674
470
-1031
-1132
1025
-14242
16850
16416
16821
17275
-15398
-5019
15817
16187
4419
-15661
-4233
59
-838
15949
-16255
17470
-16184
152
1248
626
17551
16734
1298
-60
-14860
-15976
17652
5072
-3033
267
-16505
-3997
-15451
-15838
-15422
-16136
-1758
1067
-15272
16032
-15950
17244
-16259
16905
-14638
-5804
16196
1654
-1018
-15480
-2995
1929
146
-349
679
517
16936
3987
16587
5203
-15167
-2186
-286
-15176
-15700
-3610
1703
-13946
-4055
-129
-1361
-652
16372
3553
16755
-15966
17118
4228
15601
17401
2138
820
891
16544
16475
-15456
-4744
-293
17173
4309
15908
3125
-1477
16284
3356
16743
-14625
-4157
16925
2785
16544
2642
17543
3117
-644
-14178
16138
5019
-3630
15
-1827
16654
17110
17905
2416
-15450
-4326
-463
17179
3779
-15575
-1651
-780
16894
3227
15750
4053
-1896
1786
-15274
-2218
1363
-1054
-14635
-5375
430
-15321
16729
4796
16536
-16363
596
16838
4119
-3420
2336
-14094
-4344
-4
-15678
-16087
17187
-14625
-15963
-15389
-2902
883
-15418
-4323
1050
16012
-15919
17282
6255
-1207
16265
1857
-357
-440
483
-1200
15507
3454
-2058
2432
-15560
17690
-15451
17155
-15730
-15787
-1127
-14773
-4403
353
-1391
1504
430
206
-15468
17025
-15698
17178
-2309
16545
16412
2954
-1463
1177
16453
17265
-15097
-3568
17418
16618
3453
17271
3021
-2069
1423
657
-14822
-4393
306
-2079
17431
-15843
17712
4684
-1872
1766
511
-14779
-2737
-14313
-4473
2400
-2431
-15720
-15556
17804
16751
3030
16150
16962
17801
16709
17867
3314
-1535
215
15535
-15649
-5796
16165
16408
1632
363
-13845
17701
17393
992
601
747
789
-1707
15788
-15730
18008
5500
16850
5450
-546
1117
17528
4433
15790
16663
17888
16531
16489
-15890
17282
-2902
-15247
16796
17244
17538
17123
17838
2350
-15243
-3973
-14778
-5312
-16180
-5994
16230
16986
-16611
17762
-16345
805
622
993
-15044
-2902
1589
-1590
970
16320
2116
16807
-15666
16871
-2510
-16062
-4350
223
-1938
-54
-16488
17438
3265
16728
4885
17254
17241
996
-1155
-15525
-15690
-3779
-383
602
16420
17110
3291
17380
17105
1985
-15795
-4651
-15337
-16253
16396
-15305
18006
6001
-1417
2431
-15012
17363
3908
-1740
1738
-1468
650
16318
2468
-1785
16572
16436
2492
-15196
16891
4045
-2573
16979
2615
-15316
17904
4927
-3451
73
-599
17059
4305
15614
16856
2955
17165
17169
-14739
-15856
17303
-15257
-15754
-15786
16889
5118
-2958
256
-2101
16768
-15116
-3448
1192
-1653
-15888
-2767
550
8
-210
644
1247
677
-954
-14913
-15385
-1581
1452
433
-445
-15413
-2347
16237
17783
17014
-15596
-4071
16344
-15208
-5503
17317
16401
16880
17745
16903
-15454
18232
4378
-1750
1997
-15583
-15880
-15416
-2531
1571
-511
-942
17612
-14682
-16091
-1440
1068
-16030
-2802
16537
-15663
17185
-15014
17730
4965
-15331
-15909
17249
16720
3609
-14282
-4291
2097
-3081
16333
-14888
16808
-16054
2395
16666
16551
3099
-15316
16955
16719
17611
4050
-63
1154
-1640
-501
-16449
-4422
-15422
18392
-17413
1338
-15215
-2653
607
-1691
16709
4149
-3352
17149
2571
16375
17217
-16072
18166
17138
643
16502
16836
16263
-14879
-4998
-15895
18168
6037
16380
17332
694
273
-532
-1484
16622
3087
-963
1371
-14596
-15424
17366
-14732
-15894
-15521
-3096
1454
-15626
16098
5150
-172
-15009
-3862
16241
-15311
16222
-15035
16579
-2079
16773
16754
16762
-15122
17584
-16371
16791
16541
3113
-2494
-825
-15989
-3939
16922
16817
-15638
-16009
-1267
-658
185
1339
-15044
17405
16605
17608
-14891
-5869
15920
1697
789
1193
17572
3281
-15252
-15657
-15574
-15813
-3229
-15890
-5051
-15718
-2430
-14395
18060
5877
-4376
16585
-14733
-4648
16155
17806
4461
-15504
-2841
1698
-1513
1335
-14101
-16310
-1373
16826
17093
2354
-1291
445
644
-16005
-4939
17311
3209
-1001
-15462
17284
-15861
16698
5277
-2230
1728
-1247
-15149
16989
3866
-2446
2052
290
922
-1320
1163
686
16502
4121
-62
1338
338
-432
722
545
-176
-15161
17066
3764
-15590
-15534
-15824
-15294
-2275
15912
-16200
-3565
16512
16302
17877
17103
-15239
17300
-15992
-15592
16969
-14833
16724
-15582
-4755
1636
-539
-14673
17768
16397
772
489
-1048
-1117
17638
16999
1697
-1439
16533
16392
16844
-15918
-3938
2441
-15079
16364
4824
-3311
-15202
-15673
-1582
-300
-15007
-15831
-1868
-856
-498
-15938
16588
4281
-2858
17258
3792
140
17117
2051
-15038
-15636
-4118
17004
4011
169
-191
367
800
-460
-15847
-5342
3214
-14355
17309
4542
-15178
-15779
17533
17062
17308
17116
-15297
-3322
16060
16197
3595
437
700
16209
4309
-2853
1515
-986
-1122
16362
-15656
-16115
-2914
323
1352
-16096
-4905
2731
-15730
16081
3789
16525
5365
-625
-27
-1058
-15925
-2392
-14168
-4844
2229
-749
-15120
16563
-15150
16752
16456
17244
17583
17076
-14903
-5517
17189
3084
-15034
-2658
16865
17120
3106
17329
3440
-2605
17044
-15561
-16073
-1124
966
-690
-1188
-812
-15735
16901
17001
1282
-15066
-5510
-452
846
988
17469
3345
-15564
16014
4996
-206
562
-552
1331
-14729
-2532
1346
-927
-15088
16691
3701
-1479
16359
1516
186
-15043
-4531
232
-1861
-16
-15011
17445
3681
16087
16412
262
16737
3993
16560
16604
17623
4511
-149
-494
-14971
-16245
-3626
-15666
-16244
-1453
-181
-14997
-4766
1449
1046
-15900
16730
3793
-15749
-16034
-4159
17099
2341
-995
-15440
17894
5653
-15215
-2664
16027
-16528
17614
-15725
-15585
16929
-14524
-6703
-15991
17156
16318
-14938
-16007
-15628
-4673
2503
300
17250
4001
16489
3073
-1445
672
-15487
-2156
1585
-15276
-15514
-3933
16282
3267
-15131
17578
16362
16248
2177
15686
4859
-860
15941
-15122
-3215
2161
16215
17003
1315
16175
16414
1229
368
939
-1496
-1076
-1033
-1248
16133
16371
17600
16746
1804
-880
16953
4017
16446
16794
17072
17205
-15402
-5509
234
-1048
1833
-14932
16422
17298
-16135
-1933
-240
16016
-15026
17177
-992
-1050
554
16111
16887
17691
17109
3050
16286
4914
-14671
-3443
-570
17307
16754
2496
-1005
-15161
16275
17245
1204
1166
422
765
-15299
-4640
16247
2136
16344
-14769
-15966
-16031
17090
-14711
16992
-247
-15334
-4268
2112
-14948
-15701
17864
16679
-15419
-15407
-3815
16382
16360
1575
-873
-16338
16985
-15343
-6202
3692
-2585
1685
844
-14743
-15400
-3011
-1096
16680
-14549
-6325
632
-16615
-4077
17091
2829
-15483
-16052
-15695
-15671
-3885
17449
1973
16853
-15080
18429
6072
-1058
17357
16583
1918
16468
17199
2678
-14608
-16145
17500
17009
-15093
-15841
-2973
-15237
17225
4214
-1604
1620
-1468
-729
16842
4166
-15494
-15969
-1688
105
196
425
-15411
-2408
916
-15270
16251
3044
16355
4150
-1377
-14555
-15938
-2819
464
16788
-15165
-6306
16142
3298
429
17200
3573
234
-15533
-3746
16486
1851
-1721
1992
-14677
17584
-14421
-5610
-15974
17870
4198
-1386
-14094
-5291
16265
3665
16870
16905
-15398
-3493
1662
-14798
-16271
16744
-15537
17233
16292
2485
-1539
1740
94
1793
-15513
17148
-15115
-4488
16876
1386
-1327
17459
17084
3819
15991
16586
-15272
-3707
16501
-15202
18430
-16288
2068
-790
-1038
136
17373
4041
16333
-16118
17195
-539
702
1020
-15133
-15632
-1300
-810
15437
3328
16198
4273
17592
-15936
17357
-3040
16572
4453
-2295
16565
16998
3370
-1764
-15229
-5417
-313
17500
4377
16749
3360
-2446
1776
267
862
-636
-1287
17461
4770
150
16973
16833
-14904
-15422
-15784
-2080
-15413
-3611
16930
-15285
-2664
-14952
-3792
869
16357
4574
16539
5230
-15120
-15895
-4229
2034
-2285
16288
-15027
17674
4508
-3032
343
138
813
729
-15242
-4201
17031
16998
-15163
-2275
-14884
17636
-15820
16577
16575
4349
49
1297
410
1024
16277
17184
1233
364
-1036
16373
16675
1061
-1041
-15607
-5587
2921
-14369
-4406
2501
-15180
17115
16408
-15264
-1991
-14367
16894
-15969
-15770
-4528
17083
2682
-15185
-1806
-15082
-5243
16211
-15874
-15727
-3178
404
-534
-457
17087
17277
-15744
-16237
17697
-15127
-3349
2637
-2686
81
-16397
-2163
-14522
-4940
752
-355
1471
-16080
-15729
-3220
-15761
-2931
16853
-14985
-5453
887
-15710
17143
-16011
-6130
993
-2412
207
-16114
-2129
-15199
-15695
-15695
-2366
1508
-890
-14899
-2770
768
320
15783
17006
-14743
-4950
17344
3269
-14792
-15918
-4079
1979
-13952
-2721
1565
902
-886
16824
-14924
17300
-2707
-959
16150
4291
-15361
-16095
17853
3440
-2081
-69
-1705
-821
869
547
16830
2462
16192
3493
-1104
-14724
-16134
-3533
-15745
-15534
17418
4831
109
-583
16425
4073
16258
17083
1252
16270
4043
-15527
-15477
16940
-14900
17416
-15637
17399
16660
-15597
-15632
-16038
-2636
1018
-15442
-4304
1748
-2044
1852
520
16680
3745
17219
5267
15750
2638
-1852
-15926
17968
5410
-15505
-1990
16836
16985
16597
16381
1972
-15119
-4403
2024
435
-155
-15559
-2304
185
16346
16478
16195
2673
-996
1475
-15337
-2829
2068
-2333
16755
4360
-363
15954
-14886
-4788
-15057
-5403
-16047
-16020
-15462
-15927
-3766
2051
-15013
-2358
-162
16515
3875
17094
3286
16021
16403
-15225
17676
-14646
16806
-16006
-6683
4178
-3325
16200
2562
-13
-14592
16786
4862
17153
6315
-15050
16170
-15945
17206
-2417
-1133
-949
804
911
-779
16843
17079
1720
-16403
-4609
1842
-1900
-279
-16145
-2028
-14673
-3324
-14676
-4616
2078
16698
5322
15776
16703
2635
773
522
-1390
-14652
-2536
15954
2484
-16547
-1771
-14717
-4528
-14849
17806
17379
1381
-15578
16875
3400
17314
16785
17328
2275
15831
17160
17536
4001
-475
17031
4033
15790
16775
2661
17482
17227
1487
63
969
-804
-1521
16391
-14944
-3716
16520
3227
-1466
-1054
17662
4047
16929
5093
-308
1756
58
-511
-15159
-5553
16060
3051
16151
-14941
-6186
349
17081
4126
16278
-15574
-4692
16952
-15212
-5335
15996
1484
1249
-14025
16420
-15392
-6052
556
16794
4843
15525
3124
-15452
-4556
16815
3004
-1072
15926
-14764
17688
-16174
2240
916
-1419
-998
-1114
16172
3171
-2078
1541
740
-1824
16523
-14950
17164
17386
937
-15984
16859
5203
-534
390
-1301
725
16868
-16429
-2509
-15068
17734
-15177
16759
-555
-14706
-15872
-1623
17374
-15472
-5678
301
-2029
16830
16699
16575
3349
16476
2834
-2666
-258
-16050
-2293
15894
4421
-15546
-2044
-15035
-3408
1734
-2246
17196
4147
15554
16883
-15807
-4997
15993
2523
16785
-15250
17126
4462
-3172
438
-320
16893
4063
-2356
-336
17014
16602
-15436
-15397
-15307
-2482
2203
-15518
-2009
-14385
-3611
16894
3889
-1870
-16119
-15686
-1535
-223
1053
-1130
706
-14174
-4525
17380
3895
-15746
-3607
-16101
16625
5920
-14818
-15930
-15497
17314
3566
16672
5080
-15956
-1433
-242
15617
17013
-15872
16546
17281
16953
4991
-15653
-15530
-1201
-15188
16831
4152
-2587
400
-222
1110
-16111
-15445
-1328
-53
-1418
-572
-14967
-2615
17415
2168
433
16351
16877
-16000
-3337
16236
1481
-1702
-606
270
15865
17041
3374
-1633
-1461
948
-14639
16530
17286
2688
-1440
-1115
364
16710
17019
16436
1863
235
-14116
-3197
-14385
-4827
16313
-15109
-15364
-16127
16733
5295
-2347
-670
17475
-15035
-5969
3243
-2353
15750
17079
-15337
-15689
-3395
16469
17215
1515
-16129
-16239
17627
16848
3083
694
540
-1281
-936
16194
16330
2926
981
-14723
16308
5382
-15384
-15600
-1794
-277
15556
4223
-2444
-15904
-15967
-959
-826
16385
4785
-15222
17895
2909
-1955
-15842
16738
4816
15595
-15728
-6615
16705
17803
17016
-14779
-15646
-15459
-4377
-16039
-15771
17226
-14815
-16050
-15432
-2885
2042
-1113
-1098
16765
-14897
16376
-14695
17653
6845
-16034
-15417
-1738
1297
17559
3196
-15621
16431
5015
-344
-14817
-15794
-1569
1279
-14793
-4478
17109
16717
16170
16719
1876
15690
16343
1728
-15318
16207
-15236
16936
5345
-16074
-707
-15212
18152
-16254
835
243
16729
4224
16002
16943
2377
16878
2777
-1071
17185
2240
-15167
-1778
-195
-1712
2061
-15206
16955
4375
-1150
1463
349
-14955
-3420
16126
4541
22
17212
-15697
-5446
186
-1795
-15916
-5165
170
-1516
-996
-868
-16159
16840
17206
17260
17185
1227
-1555
1039
16721
16429
3469
227
-997
-14653
-15544
16459
-15892
-16282
-813
-1329
-384
807
16309
-15552
-15838
-1538
16617
-15622
-5562
16045
16365
1798
-1186
-16092
16689
5910
-586
1825
-15165
-16233
-4108
1649
966
16495
16877
1752
-100
15706
16323
2644
16204
-15483
-4147
16902
1559
-1453
1862
-14567
-3776
-15796
-5502
744
-2272
17105
-15260
-3432
679
49
-14935
16360
4786
-468
1806
16991
16571
3272
155
-790
-15222
-4912
16302
3360
671
831
17494
4885
-3248
16290
3201
16929
4948
-3536
16136
2618
-1678
1424
578
1171
688
987
-14880
-4430
-300
17583
4248
17504
-14833
-6576
-15316
17298
17524
4091
-15516
16264
3559
-15800
-1282
-15918
-2531
54
16751
-15520
16982
5935
-15422
-15443
-2068
-14240
-15519
-977
-15113
-16291
-15298
-3853
1875
16746
5190
-14256
17687
3383
-1782
-15504
16793
-15442
16848
4872
-2842
-15291
-2986
-14513
-4230
-15552
17896
-15704
16627
18240
4833
-15252
17825
-15511
17190
18048
4492
-15248
-3846
16406
2793
-1741
16500
17134
2502
16433
-15664
16832
-16363
2599
-14813
16647
3891
-2190
2167
282
-279
-16578
-4317
-15821
17976
-15979
2287
16684
4352
-2874
2026
239
-199
-14987
17577
3460
16212
-16229
-16026
16523
17040
649
-15737
-4638
1375
16126
-15072
-3247
-14802
16961
-309
-14699
16334
-16061
2278
16496
4545
-322
17325
16409
16596
2296
-2320
-685
-16033
-2571
16007
2063
357
999
654
-15108
-4563
1684
873
-16109
16651
5688
-449
-200
723
-14027
16397
5386
-3530
16011
3692
-15295
-2777
15952
-15057
16189
-16158
17209
16828
-15347
-3399
2140
-15090
-3553
-437
17078
5094
-15363
-3635
-15595
-2772
1531
-2331
16009
-15813
17636
4899
-15627
-895
-14874
-2492
1121
16741
17233
-16145
16873
3525
16881
4005
-1430
263
-1710
1015
-1280
15708
16989
16141
-15286
-16094
-1539
1384
-14731
-2631
1062
-15174
17876
5311
-572
1965
-1761
-1321
17045
-14856
17890
-16294
-4570
16297
1342
-15910
-15469
-3363
-15937
16688
3831
-15539
-15453
16796
17299
3184
16187
2698
-15455
-4285
-37
-16413
-1928
-15400
-15985
-819
-14792
-15628
-2914
-15579
-4794
2703
177
-243
628
16495
17149
3007
-2036
1059
-1552
15847
17115
3760
213
16621
17047
17653
17029
-15219
-3322
948
-1708
-685
992
-13873
-2746
330
-1551
71
-1510
16368
-14880
-16303
-809
1082
1044
-469
-15252
-16086
-15762
-4033
2240
16810
16888
-15722
-4675
-15540
-3309
2408
209
1372
805
-1233
758
-174
268
16007
-15069
-16237
-924
1050
-1296
1874
-13846
-4577
2462
-15349
-3625
-244
-1728
2098
-14775
16001
-15614
16778
5179
-15548
-15804
-16053
-3629
-420
-1354
-15703
-15680
16600
4550
-2919
2590
90
16612
4380
-194
17097
1817
-1738
1671
16636
17012
3370
-15689
17438
3529
16639
5064
-3698
-388
-1460
-1165
16389
2472
16076
4331
16281
4924
-3686
1918
583
-873
-1383
-839
1360
16214
16969
-14945
-15982
17436
16389
16322
2837
-15353
-16163
-15312
-16059
17342
4932
-367
2248
-15389
17836
-15612
18033
-15762
367
1072
16662
1972
-1807
-14796
-2499
334
16256
4408
-2775
2052
119
16668
4048
16099
16330
17897
2016
15820
3283
-2274
-284
-7
1006
905
-1535
15947
3670
16879
-15687
17235
-1004
-678
-15268
-4895
135
-456
17226
-16171
-3107
16538
17665
2345
-15126
-4651
16965
16287
17160
-15203
18020
5678
-787
2239
-15544
-15768
-15430
-2064
924
-15173
-1538
-15315
17850
-16292
1026
-1291
16537
4012
-2242
16646
16555
4142
-14461
-4812
445
-15138
16698
-15232
16924
-254
-15124
-2289
418
16187
3590
-1462
1833
470
16736
16459
-15155
16240
16912
2642
-15143
-4855
17361
3300
626
-15476
-3849
16531
-14748
-2700
910
-1755
-15395
-4479
-15870
16689
-15483
-6027
-16016
17324
4332
-2843
15
17205
16891
16288
-15405
-5873
17242
2245
-1316
17219
16372
-14939
17852
17334
-15022
-4083
-612
16974
-15990
17280
-2873
-1371
17070
2726
15831
-15423
16714
-2729
-15945
-4959
16167
1530
16380
-14670
17096
-14678
-6455
779
16383
3298
-811
64
-432
16598
1738
17112
-14854
-5745
-14870
-3590
1540
-400
16893
17194
1398
16533
4466
-542
1846
-15488
-2480
887
-39
16561
2131
-15243
-15455
-15756
-1969
754
-15179
-5297
2339
-14100
-4202
17381
3842
234
1388
-15420
-2217
1842
17389
3231
-15281
-15682
-3838
-444
-1305
-16033
-16064
-1954
15847
-16172
-3007
2347
-234
1722
-15379
-2461
1926
16742
16743
-15547
-5110
17423
16219
16848
2114
-1974
-655
-1373
-1302
-560
-16138
17008
3457
-1047
1823
16949
16487
1522
747
860
-1700
-15954
-15703
16304
4935
-268
17468
4105
230
973
1033
-15002
16633
5483
-3537
15861
1962
-1296
-16020
-5760
3450
-14736
17045
4536
-15330
16492
3216
-2433
15811
3333
763
-16092
-3125
-14944
-16318
17082
3323
-2452
17158
2274
-2009
17386
1387
16108
-15673
-4367
16568
1727
-16177
-2196
1748
-15583
-1754
-14733
16348
5494
-465
-14942
-3133
73
910
-14217
17850
5662
-15557
-3556
1344
-1372
15463
16969
2063
-15158
16028
-14990
-3633
-14219
-5792
16826
-15162
-3443
2332
-2785
16977
2685
-482
1372
-1699
1525
372
16990
-15890
16142
5777
15970
4011
-15550
16986
4723
15846
17286
16707
17051
-14784
-3477
15876
4215
-15529
17230
3556
-1320
16267
1108
403
-14998
18114
17294
702
1573
-2285
15512
-14102
-4232
2401
-15654
-2009
17378
4253
601
834
17569
4677
16538
16393
17563
-15869
-16014
-3276
1366
-13994
-15936
-16025
-2706
16170
-16458
-2383
378
15812
-15703
17078
-830
709
16815
16468
16175
4312
-15717
-15949
-15714
-1905
1899
889
-1225
-1008
-16013
-2860
16179
-15790
-16065
-1072
-867
16188
17267
4085
-14216
-4489
2356
-15113
-2125
-14479
-15825
-15831
-2051
1454
16775
-15143
-5522
-16086
-5896
2770
-1296
-15176
17141
-15936
-3382
2626
17429
3831
-15541
17486
16529
2712
950
16537
16203
16726
-15905
17102
17374
2745
-1882
15411
-14214
-5835
16578
-15083
-15677
-15755
-16209
-1274
-53
-998
-15829
-4252
-15900
16364
5742
15694
2946
16301
-14896
17764
-15028
16560
-16206
-4494
-14347
-4070
2407
-1986
1792
563
1225
-14727
-2902
141
568
1471
17399
4836
-15579
-4042
16844
3421
-989
-14888
18276
3577
-15849
-1539
16775
17047
16494
16556
1945
-15458
-1636
-14680
16642
4214
15612
17331
514
17515
16941
17897
2453
-852
1452
-15341
-2449
1984
345
17200
4347
420
-14635
16469
4928
16255
5178
16681
16950
17113
16839
3254
-2627
16006
3171
17605
-14515
-4025
2828
-15572
-3544
-15869
18188
-16166
702
1023
884
613
-1243
-1079
-1344
16792
16373
17617
16715
3722
-164
16815
3970
16021
16650
17742
16519
16364
-15100
-5264
-199
16515
-15798
-16046
-1064
16786
-15791
-15683
-15253
-2371
1029
-1952
17260
-15724
18272
5683
-842
-15344
-16122
-3452
1732
749
16971
2344
-2216
-114
-23
16407
5264
-14178
17286
4009
-15837
-1512
1438
-2494
16093
4026
16368
16956
-15793
-4975
2057
482
1094
16420
5231
-239
16692
-15189
-2758
-14895
17498
4303
-1547
1719
16928
17265
16373
16587
17587
2169
-15146
17039
16805
2728
-1334
540
935
-1336
16293
3906
17133
4190
15875
5451
16579
17037
2480
16285
4252
-2759
-14844
16989
3078
17332
-15516
-3780
864
15940
-15862
-4108
1165
-1778
-804
16545
4519
-140
15822
4118
282
-16115
-15482
-15307
17363
-16344
2751
-1570
-14988
-15777
16342
16892
17647
16917
1956
-15621
16585
-14880
16940
-16102
16464
51
16154
16831
3842
-15313
16446
16848
1253
539
15805
2237
41
-867
-1366
-15584
-2723
16446
3059
16605
-15719
18407
-15832
-284
16348
4050
16907
17221
17701
-15571
-6205
16494
2763
16385
-16079
17032
-2666
-16119
-4571
-221
17166
4435
16838
4948
16190
2505
16249
-16095
-3854
1655
-909
816
-15722
-1910
-15300
-2582
325
16517
-15854
-4102
1538
-15187
-4755
16216
3576
520
1418
-1543
1305
-14190
-16099
-15416
17517
17210
2877
-797
-15779
-1772
-15382
17718
4944
-15396
17389
4557
-3203
2590
-1938
780
1467
-14905
-5309
674
-15365
17741
-14753
16953
16505
-15643
-15750
-15989
17206
3726
16680
4698
-3049
1876
16434
16632
2701
17314
2686
-2176
16739
16425
4092
-15516
17612
4454
16664
-15435
-6457
3367
541
-15816
-5038
-15166
-15714
16973
16416
1555
-15300
-2033
-954
16344
-14376
16658
5901
-4153
16050
16460
-15603
16422
-14760
16828
-133
-15266
-15829
-15366
17109
-16292
2522
17088
-14774
-5786
-16024
-7072
16137
-15505
16464
-15225
-4236
2747
16568
3486
-315
1219
478
-14643
-15807
17808
-14986
-5664
-15911
-3239
1082
504
-14822
-4365
-15130
-15642
-16036
-15786
-16053
-4482
16167
-15593
17836
5923
-15828
-3128
-822
-1413
-15459
-15432
-3418
16616
16984
4164
-15364
-2585
-119
-252
1690
940
16854
17082
-15032
-4744
17071
16356
-15713
-15663
-1341
16832
2629
-16379
-15795
-15835
-15426
-15689
-1693
260
34
16612
4318
16251
2671
-2403
-493
17311
2948
-1950
-16038
-2505
1512
16221
-14716
-5638
3146
-33
2021
-15293
-2274
-14149
-3484
1292
-15535
-15755
-3810
2374
-14537
17902
-15325
-6272
3710
-14697
-3733
16793
4162
-15216
-4287
-38
-15117
-1630
-14303
-5823
16741
-15150
18312
5515
-3639
2429
16583
4741
-2767
1676
16791
17137
2865
-1088
606
16791
5359
-14414
17806
3235
15790
4540
16364
-15752
-6304
2860
358
-15747
-4995
341
-1841
16399
4432
-15204
16546
4406
16554
-15292
16945
-2657
-858
-1264
-903
-15673
-15490
16932
3961
17215
-14988
16632
-16112
17263
2618
-2398
-15689
-16019
17239
4854
-70
15891
1492
968
-15342
18428
-14678
17183
-334
-1686
-14785
-15604
-4109
16970
-15011
-3390
16439
3227
937
1233
16261
4746
-15737
-15427
-15426
16543
-14652
17964
6381
15849
3968
-15887
-4053
1764
-14388
-3450
-15603
17524
-15553
16866
-15400
16833
-1523
-16224
16373
-15953
-14910
16821
5017
-3488
2240
15965
2473
-275
-494
-1050
-15758
-2467
-14089
-15934
-903
-632
665
1224
1210
-1736
15531
-14873
-5024
2798
15989
16839
2774
-1904
1595
-2060
16622
3692
-15620
16465
2261
15998
-15815
18290
5930
-3779
-234
16968
4501
-7
1465
-1824
-900
934
-1236
-1240
1221
785
16890
4178
-2914
-15894
-15432
-1864
16032
-16546
-3003
-15139
-3658
16147
16529
-15591
-3242
16348
3356
-1320
-14839
-2382
2135
591
-15739
-15429
-15260
-4001
2223
956
-16064
-15498
-15330
-1929
17348
16718
3942
-2027
15360
3819
-15409
-15940
-4132
-352
-1455
-589
-15825
-2207
1587
770
-16097
17265
3264
16741
-15957
-4157
2636
17510
17300
-15563
-5705
561
-15251
17547
3967
-15601
-1596
-452
-15236
-4994
16180
3300
-1637
-548
16450
16651
-14761
-5958
15836
-15924
-5338
17439
3338
703
17038
16638
1350
-15309
-16207
17592
16886
1284
-1516
861
886
16488
16686
1963
-15716
16353
17046
938
16472
16432
2983
16164
4680
-38
-771
16666
3873
16749
5192
-792
16677
3958
17139
16700
497
1365
-13877
16360
4183
-15826
-15917
-2557
17456
4917
-3203
16116
-15841
-3628
1936
-2099
1894
-15158
-15464
-1256
-15523
-15459
-3384
1308
1133
1267
-1903
-588
-16090
16810
5069
-52
1859
17064
2882
-15495
-1986
1653
-1973
16138
3768
-2072
-15869
-16099
-2723
-15594
16590
4566
-15955
-4002
-476
-16487
16939
3041
15889
-15651
-4199
-14434
-16248
-3243
-576
-15475
-4922
-312
-15488
-16298
17879
-15771
-16326
18073
17013
3493
-1082
712
-1713
-14907
-16248
-3664
-586
697
-934
1090
876
16503
2682
-624
1312
693
-1164
15672
2672
-2096
-15558
-16169
17844
3105
15615
5292
-3357
-580
403
-14641
-4195
1870
16853
5344
27
-348
222
-808
-1194
1187
919
732
-116
-15746
17503
-15651
-6499
3735
-176
1557
866
-1618
16509
2472
15501
4973
-3402
16612
2823
-1688
17599
17069
-15982
-3263
16473
-15628
-2447
-14373
18288
5524
16731
-15780
-6609
-15686
-16264
17132
16452
1202
-1300
-1235
16456
17102
16715
3428
16299
-15089
17391
-3143
-887
-15713
-2206
-181
-1475
1542
16149
17210
1729
698
960
703
-15100
-15429
-3875
-763
1043
-1201
15361
2756
15952
4394
16314
5256
-500
1617
599
698
16966
2441
15604
3815
-15542
-15952
-1665
-14929
17039
3765
-979
-13406
-5012
3148
-15476
-3786
-15106
-15872
-949
-14900
-15387
-3334
1597
-550
-1060
640
-14889
-15680
16643
3064
-1991
2376
-2190
1298
-14397
-15435
-3943
-605
-906
586
15893
-14731
17556
-16148
16583
16630
3786
-1567
-15098
16999
-15628
16412
6658
-665
-452
16432
-14630
17062
16396
2599
-15094
16835
3902
16108
17133
899
-1430
16477
3560
-2177
-15668
-5980
15936
-15170
-15397
-16022
-4560
-15050
-16316
-1138
-721
-15236
-15894
-1831
17084
16391
3510
336
-16094
-15489
-3555
16696
2328
-1199
-15423
16401
5890
-15414
-15285
-16212
-1392
343
16413
4149
-15459
-15626
16765
17074
-14927
-5204
17432
-15209
-2793
2129
16922
3144
-15425
-15451
-2391
15827
2436
-2360
17132
-15124
16392
5590
15666
4105
-16058
17463
17283
-14984
17510
-15365
-4348
2023
-15225
-15476
-2082
1907
-15022
-4073
-15219
-16142
-2767
-16089
-5397
16424
-15464
16374
4207
15532
17099
3062
-1514
16236
16782
-16033
16511
-15099
-6509
16940
1338
463
-399
-1345
917
1006
-14729
-4183
-930
17600
-14686
17170
-15879
1968
1092
-14750
-2750
17192
16790
-15758
-3530
16519
1148
17452
2811
-1243
568
-1845
16738
4285
-3444
2339
-14348
16754
17205
2863
-1072
-1380
533
1137
-1522
16599
2402
16325
-15004
-3984
-13720
-5386
16469
-15178
-16247
-15413
16787
5738
-3588
16156
2601
-257
16083
4358
-14423
-4201
16902
2160
209
-508
236
-810
-1083
-1348
966
1474
-1858
16517
-15154
-3954
2432
-2218
-803
589
-15184
-2557
17226
16977
-15685
-5550
2765
-15458
-1852
-244
534
-14777
-4380
-14
435
-14915
-16256
-15541
-1898
680
-317
15975
-15012
16290
4084
15694
5735
-15987
-1825
-14850
-4844
16129
16615
3215
-1472
-15215
18168
17303
2795
16593
16675
1564
-15465
-2515
16273
1882
16313
-14807
-15957
-15912
16681
-15106
-16369
-1014
16571
4790
16328
16558
2853
-1801
-1256
997
814
16255
2705
-2020
16596
16855
3219
-1887
-759
-1822
16897
-15850
-3222
-14497
-4268
16758
-16585
-16069
17225
4123
17520
5345
-4208
-15582
-15755
16292
16845
3140
-1722
1718
-14830
17368
-15822
16836
-15681
16741
2691
-15326
-15554
-4085
16954
-15525
-15494
-15324
16600
4008
-2408
16971
16696
1695
143
1285
-1228
734
-1344
-15094
-5388
15813
16977
4381
16226
16431
-15116
-15858
-1279
-15312
-3855
1681
16858
-16041
-6384
16211
1852
373
1195
1078
-15218
17666
-16060
17052
5119
-3175
3293
-14204
16087
-15607
-5983
-15428
-16273
-15493
-15749
-15685
-3657
-15598
-2345
1016
-15709
-15455
-15806
-3685
-15777
-2480
-14799
-15906
-2964
16725
16322
4354
-21
16668
-15585
-5448
17381
16372
4503
-64
17432
-14965
16334
-15306
-6242
-15603
-6444
4075
-14157
16351
-14483
-5735
-15812
-6461
4814
-14966
17652
-15260
17268
-2634
-1244
-15503
-15774
-15688
-3652
-15995
-2562
-14776
-16304
17598
2979
-2035
16945
16672
3768
615
-1168
277
-316
704
15705
2473
-15185
-1909
1808
-15641
-1851
-14963
18412
-16074
16831
16719
-15708
-2588
-14297
-5619
-15869
-15791
-3022
1377
-15258
-15833
-15570
-3737
-16054
-5173
-14788
-6097
15932
3604
-15476
-2321
1295
16189
16758
17548
4207
-14945
-15787
16942
-15906
-5950
16844
1397
944
-14908
-15830
-15797
-16065
-1232
204
-1538
-437
-15472
-2272
598
-116
17174
4408
396
1423
16130
2163
-1589
-15552
16255
5852
-193
-275
167
-14849
-3284
16069
4383
-3054
16001
3771
16203
16996
-14882
16513
17336
17423
16616
-15353
-2962
1933
266
-14954
-4713
-556
16846
4622
17504
5491
-15407
17622
16682
741
1343
-1754
15664
3823
-2491
1850
16850
17070
1896
-16365
-5032
1607
-1418
-740
17642
2512
-15273
-15815
-2061
15836
16632
16563
1985
-844
17293
1686
16781
5265
-322
-172
-1403
1334
-2069
1645
-13975
16208
16429
157
16278
4160
16322
16497
1431
-15746
17214
5143
-498
1991
-2130
16674
17133
1552
143
16629
4283
-2054
-1035
17093
3130
-2536
16739
4073
-2890
16817
2108
-335
1911
-2168
16893
-15707
-3073
-14868
-3943
1328
-15214
-15592
-1947
16823
16337
1845
16438
3873
-2822
-15573
-6134
16313
3939
-15085
-4608
-408
-16147
-2299
15994
4188
16874
16444
1196
-15344
-15485
-3563
-704
16692
5153
-15047
-1785
-15062
-15624
-15708
-2649
16151
4496
16530
16475
3125
-15466
-2070
-15033
16464
4642
-2923
165
-16514
-1865
1764
898
-15277
-4275
-15567
-5736
3181
-2589
15485
16399
761
17262
2646
16399
16830
17465
16678
17837
3760
199
17153
16438
16592
-15590
17283
-762
-14974
17172
5261
16209
5315
15955
5121
16091
-14550
-3980
1587
-2147
16789
16975
3271
-1661
1179
779
1407
-14467
-4024
-15661
18286
-15954
2536
-947
-15186
-15717
-893
-870
16368
4332
-15802
16121
3210
-2610
1965
-1633
-1306
17583
5085
127
17074
1961
-16213
-16017
-1725
-14253
-15835
-977
-15731
-2456
16151
16790
-15713
-15899
-15664
-16312
-1259
-14420
-15598
-3177
1695
-1194
1582
-13916
-16183
-15377
-1930
320
523
-1084
948
-1179
15704
16468
3409
366
1068
-1505
15390
17043
3850
-14405
-4232
-283
-1798
1857
-14064
-2652
516
-1574
-723
-1206
-922
415
1172
-14640
-5085
16103
1883
15944
3596
-15593
-1323
16599
17057
-15866
-5509
-434
20
-14432
-4801
17326
2271
-360
16298
4908
0
17113
-15638
-15903
-1037
768
-118
-15355
17661
-15547
-6266
-16052
-16173
-15169
-2436
16017
-16187
-15722
-3349
16338
3993
-1829
-14934
-2539
739
11
16597
1551
-1723
-15996
16159
17171
2820
-14864
-2278
-410
16260
3724
-2209
-1005
1103
-14080
16681
5409
-610
17205
3262
16193
-15760
17698
3923
16086
-15061
-6437
549
-637
-14478
-16198
-1381
17327
-16125
-15594
-15812
-2633
2237
-15214
-2220
89
-151
15816
16781
16270
4571
-15027
-4297
-15981
-2355
1877
17641
-14516
-3770
2408
538
-624
16439
-14222
-16170
-1269
16693
2177
16662
16707
17276
16998
1434
-1901
-881
-1580
-1164
1367
926
16412
2626
-15407
-3643
-1059
17590
-15869
17273
-352
-14914
-2055
-14372
-3377
-14448
-4884
2957
166
-308
650
16731
17074
1339
-967
-16384
17078
-15546
-4216
2945
-445
17436
17058
17591
17048
-15189
-3310
556
-1677
1518
16338
2228
10
-638
16046
4291
-1847
-957
17311
-14811
17346
-3072
817
16748
16976
16404
1871
16024
4336
0
-15471
-5325
-85
337
1127
16530
2189
15930
4348
16417
5461
16674
16637
1771
-15138
17538
-15974
-6517
596
-2191
-543
17569
2439
295
-15127
16164
4352
-1406
2044
-2557
1655
1100
17596
16406
-15551
-5102
-264
16390
4196
-15578
-1876
122
-15162
16235
3216
16507
5038
-3360
-343
16623
16944
-15456
-5451
-15433
-16147
-2670
807
16617
2694
-632
15973
3954
-2566
-15928
-15835
-1470
-106
376
16522
2186
-2453
2406
-14594
17157
5324
-3539
-234
-1649
1662
-2032
1174
-15128
-3146
16141
3991
709
-621
16493
17259
1073
-15900
-16275
17900
4671
-1885
-14810
16485
-15624
-3584
1800
16893
4394
385
-14822
18350
5436
-15516
-15311
-2144
16941
16414
3605
17458
2252
-15300
-15411
-2655
16057
-16473
16212
-16376
16866
5162
-15309
-3866
-15953
-5481
3300
343
-443
1228
-2457
15707
-14562
17172
-15731
-150
1313
-14862
-16162
17992
-14465
-6075
3467
-14918
-1850
17100
16650
2716
-2217
16692
-15624
-5528
2718
-3302
1898
810
16561
17074
17877
3725
-2744
-1109
16234
1943
16263
-13887
16740
5714
-3556
-15848
16317
3674
-1362
2165
-15519
-4722
-319
494
1583
-1638
-990
-16013
-4243
1681
15427
2909
-1146
15954
-16432
-3175
2106
-1979
-14938
17230
2980
16773
4191
-3079
2629
-14739
17463
5318
-3910
193
-15471
17666
3395
16152
-16143
42
16210
-15013
-5857
294
-2018
-15452
-5093
2270
16297
16712
3021
17189
17052
1513
271
16630
4992
-14181
-1768
-15034
-3406
2718
-2472
16964
-15513
-15837
-15741
-2867
887
-15702
17738
16725
17670
4470
-3196
1706
-14457
-4280
-60
16988
16483
3840
-15005
-4720
-78
-16539
-4410
-15722
-5214
2264
15691
-15379
17512
5746
-295
-15220
17872
4269
-2455
1523
16254
2578
17221
17074
-15994
-2466
378
-473
1579
1091
914
16374
4641
462
-966
16137
-15416
-5683
-16043
-6220
16315
3398
531
1467
763
970
1074
-14934
-4033
2210
16538
5247
-14178
-2270
1505
-1654
-724
-1325
-1141
-1144
-911
-1208
-925
-16032
-16214
-15906
-2133
17311
2506
-15243
17801
5431
-350
-46
-15280
-15451
16203
5076
-112
17436
1624
-1613
-1066
16274
3335
-2327
17061
3490
-1831
-16072
-2860
2450
-15360
-4005
2456
487
-366
-15710
-15465
-1226
-15129
-2431
470
16006
4012
-2071
-577
-1313
-15725
-16280
-15802
-15524
17871
-14590
17396
4671
-3318
165
469
1086
-1172
-15442
-15744
17281
-15683
18294
-14440
16530
-16263
2226
16331
16384
-15346
-5250
2585
-14899
-1690
1595
17110
5881
-15398
17582
-15987
17263
-677
16600
4512
16296
2522
17018
5292
-15381
-3975
1436
1006
1361
16492
4957
-15033
-15790
-15673
-1870
16247
3974
519
-15383
-5388
17113
2672
-15089
16226
2769
-896
-14190
-15966
-4157
16210
3778
16158
-14730
-3854
2616
-2816
-610
790
-696
-1315
1065
-14594
-15511
-3635
-1154
16717
4373
15655
3355
-16054
16783
5233
-213
1727
-1418
-15662
17717
-15841
17020
6511
-470
-15063
-5183
-15027
-16223
-2451
-15620
16882
4142
-15599
-15463
-4088
-14667
-1895
577
15837
4862
-15438
-1800
1385
17068
16680
3215
17602
16953
3268
-15084
-2610
1584
840
-539
-1685
-614
-15455
17052
3846
-1055
1597
914
-14734
16828
4085
-2526
-204
-2060
-787
759
16225
17161
3086
17274
17127
17680
16315
16504
3669
15932
16572
-15468
-4870
-631
244
-14937
16577
16976
17661
2573
-1088
1770
-15458
17167
3227
-800
2087
16560
16913
-15281
-3454
2371
-15465
16898
17128
-15551
-2828
16038
1873
-200
17364
-16382
-2960
416
-1562
-15639
16738
4058
-3345
16368
-15431
18050
4809
-2241
16471
-14870
-16185
-2761
914
16233
16566
3500
17172
16374
-15051
-15642
-3485
-14948
-16029
-15410
-2010
1850
16234
16474
16228
1409
128
-15027
16136
17187
3072
-14861
-2325
1514
16965
3433
-15449
17253
16780
1344
-127
17002
-16202
17900
17232
518
-15870
-2864
17448
-14791
-16209
17218
-14702
-16253
-109
-15098
-4158
-15353
-2918
841
-1835
1992
-2386
16252
-14925
17410
-14636
16957
-2666
16307
4850
-15602
-1734
1594
358
-9
-15793
17571
5231
15808
2910
-1265
393
-317
17160
4974
-3209
2182
-14375
-3940
2072
16172
2372
76
-14874
16171
4862
-3422
-15649
16357
16849
17838
-15483
-3551
2509
-3111
16328
-14793
-5693
3120
-2986
-510
-1604
1170
-758
-1863
17017
-15285
17580
4274
-16018
-15285
-2433
1796
-1982
16912
2738
15549
3218
-15461
-15660
16861
16932
3606
16415
16895
3161
-15198
-4251
1691
16412
5134
188
-15819
-3119
1770
16485
4938
16631
-16041
17238
-1090
16689
2188
16552
4235
16777
-15048
-3761
2744
-78
2043
-15260
-4362
-15471
-2710
2246
464
-15678
-2541
-686
15493
-14825
16620
5230
-15735
16998
2698
-2493
2535
-2885
15686
4316
-2891
2092
-15173
-2493
408
88
1615
-1152
1092
780
-747
-16239
17697
5238
16057
-15806
-6618
4003
-3486
15596
3642
-15725
17718
5420
-4118
16273
2412
-2223
17061
3230
16758
2924
16951
12447
-10907
-11610
-10780
-10643
-10121
-10673
-10418
11122
-10213
13095
-10429
-10398
-10152
11517
-10339
-11127
-10443
11196
-12805
-10170
11105
-9731
11044
-12424
-10067
-10361
-10270
-10566
-10626
-10650
10979
-10338
10972
-9852
12326
-10622
-10788
11115
11115
-10097
-10362
-10368
11286
-9821
13020
-10572
-11179
11188
-10287
12789
11183
-10171
13048
10982
-10206
-11307
10747
11204
10871
-10668
-11443
11867
