15949
3178
-12870
-2410
-11482
-16140
11119
2134
11583
3831
11686
3672
11345
-9009
16120
-2046
243
994
708
12660
2137
-226
-12253
-3501
-12100
9265
3227
10845
16172
13541
15326
822
11924
2222
11015
16225
303
12582
-10266
8793
4935
10401
-16157
-11308
-2365
1650
-1350
1289
-12814
-3151
-11936
-3982
803
-441
12932
3128
-1409
12794
14773
14564
2891
-1124
536
230
1232
-13225
10085
-8680
8058
-15671
-11417
-15276
-1748
1257
-643
12183
2416
-13535
10216
15823
2212
-12607
-15025
-15130
10177
3443
-967
13428
-9991
-16026
-1342
1081
-12513
10064
2710
-1690
-11674
-3061
920
-13082
-3277
101
-12616
-3264
13076
-10179
-15825
-2078
12256
15370
1945
-13541
-2048
-11658
-4059
13747
2959
220
1213
-12724
-15290
-14329
-14939
-1618
1347
-341
263
12799
-9779
-4390
561
-19
668
12623
-9380
-4729
13894
-10498
-3596
1348
53
-11850
-2314
1375
363
-12077
-3551
1613
37
-234
-12383
-15704
10550
4122
-708
13622
-10439
-4268
2067
-329
12723
2318
-13507
9869
15656
1233
176
12628
3000
-1422
-303
120
12499
15063
2813
-824
12165
3091
-12525
-15358
9982
-8987
-16189
11110
14882
1887
-13083
10006
2656
-2146
-11565
-16245
10768
15861
13926
15127
-10452
-4044
12891
14999
-10606
9239
4362
10681
16239
811
-82
12799
2649
12288
3564
11340
3096
-14197
-2639
-12424
-2354
1432
12160
3614
11407
16090
1693
12886
-9928
-3347
-10733
16233
-821
190
14
12699
-9532
-16107
10654
15758
-10553
-2226
-11792
-15973
-13498
-3593
13371
-9531
-16014
-702
-12430
-15442
-13835
-15364
10612
2843
-657
1558
278
843
825
-12273
-15577
-14312
-14609
-3099
13031
-9751
-4141
13331
14622
1564
11895
2063
11660
2217
11319
-8858
-5347
14377
-10891
9404
3081
-1192
638
11423
15390
1328
-1107
12298
15031
1249
-1233
-628
12211
14798
14751
-10162
8659
-16344
521
-558
580
-733
428
-12479
-15273
-1210
12583
15485
-10324
-2887
1490
157
-260
11942
3482
-88
12970
14368
3092
-12809
9312
16157
-10878
-2292
80
-954
-12474
9912
-9099
-3351
-10692
-3335
2146
-1073
-197
-1333
756
-12313
9564
16023
1103
-12828
-2389
1424
-104
13333
2020
11445
2846
-13777
-15069
-1353
-12267
9532
3828
-2528
13343
-10024
-15957
-2272
834
-12322
-3014
-11728
-15864
-14147
-15075
-2458
13012
14844
1845
-12945
-3947
13186
-10218
9259
16185
13516
2557
-795
12933
1539
-170
-50
11756
15436
1192
420
-862
12323
-9597
-3232
2086
-1415
913
598
-199
158
676
-11840
-15712
10595
-9110
16278
-606
829
102
13175
-9894
8515
-16136
1995
350
12497
-9981
-4436
13554
14497
14813
14787
2458
-1208
-583
-101
13287
2860
11718
-8954
15932
11151
2997
109
387
11596
15408
-10512
-15468
-1708
13256
-9817
-2564
-11166
16254
-13617
-15249
10444
15830
2303
962
-1099
12536
-9569
-4790
2052
-13533
10055
15746
14014
15417
14014
15133
-10846
-2877
-11107
-3140
13926
2741
-12887
-3100
651
12447
3388
11768
3532
11462
3624
11874
2366
10917
-8937
15931
11181
14777
14739
1822
11264
15903
1766
12894
-9929
-3336
-10798
-16375
-722
815
399
1029
-631
12175
15375
1240
-953
504
56
152
-12919
9671
4518
-13888
-1074
-12247
-2229
-11340
-4001
-11435
-3909
155
12110
2675
11321
3835
-13692
-14558
-3250
12908
2303
-240
925
705
-12924
10210
-9012
8214
4053
-14796
-1961
545
12218
2856
-13640
-3291
-170
-12997
10198
15699
14470
-9734
-4304
-11536
-15661
-14109
-2000
-11347
-15722
-884
-174
284
237
-13230
-3269
-11530
-4025
13310
3201
-12982
10070
3772
-1321
-12135
-2566
-11329
-3784
1784
-967
-12269
-15366
-14647
-1639
1358
12617
2498
-1548
-12284
-15716
-14149
-3222
13081
3109
-870
556
12248
2124
-294
1137
12209
3120
345
-12172
9249
4581
-14133
-1804
-12893
9440
-7867
15532
11706
-9700
16264
-1709
-12908
10097
16201
14048
-9668
-16296
-14299
-1845
132
12457
-9616
-4168
-11473
-3171
1036
-667
13571
2919
11524
4219
-13991
10443
3788
-1924
1832
-13413
10066
-8887
-4804
2196
-1481
-183
307
771
-586
-624
-597
275
816
-12504
-1943
-311
12148
-9146
8481
16308
683
-12479
9623
15901
1033
-12698
-15387
-2580
400
13029
-9760
9056
3401
-1273
-11186
-16346
-1006
-152
12018
15437
1282
-32
12391
15287
2304
12081
2490
-2296
13063
1959
-850
13656
-10623
8938
3690
-2734
13474
1597
-1427
932
219
-541
670
-819
12290
3855
-1926
12801
-9903
-3033
13478
15090
-10363
9091
-8523
16042
-1700
-1208
-12192
-15162
10220
15909
1325
-974
-441
-13154
-3046
-11957
-2531
2154
-333
1355
-12303
-3926
13619
-10102
-2922
2193
-13504
-2942
380
-1461
12851
-9688
-16256
-2019
600
873
999
-12504
-15265
-14735
-3011
1367
12457
15206
1476
-12830
-4031
13302
-10147
9123
-16120
1442
-80
-12958
-2301
337
-285
1537
-872
12345
3742
-13583
-2745
-12193
-2691
1872
-650
-702
12395
-9326
16148
-768
-12324
-2304
13955
2774
-732
-12478
-15470
-14459
-2910
1300
-1015
1072
-12539
9651
4009
-1515
-12299
9605
2991
10669
4796
-14218
10151
3815
-434
13501
14647
2731
-12691
-15381
-2755
-360
-934
912
-691
12485
2066
49
-12096
-2915
-11134
-16225
10890
15615
14471
15112
1267
-13137
-15205
-2847
-285
512
-90
-1092
-471
-13057
-1968
519
11329
15933
-10651
-2789
13598
1316
259
-67
-195
1121
-12527
-3121
-106
-1314
-11829
-15772
10663
2586
-565
1630
-1037
573
886
-12704
-1805
-12071
9836
-8975
8180
-7811
-5484
13940
14670
1725
11409
2526
-14077
10432
15686
14251
3373
-13533
-14762
-14989
10122
4058
-206
-165
11751
3598
11815
15397
14181
-10174
-2824
1433
11736
2892
-783
13139
2641
-1024
-549
11761
15560
2182
12384
3010
11847
2339
10992
3028
-2285
13342
1636
-1479
-12011
-15776
-1222
1060
-551
-573
454
909
-764
648
-12417
-3446
-6
-64
54
-165
13098
2067
11511
2662
-13814
-14687
-3020
930
-694
-328
-1021
12384
3451
-1426
964
562
-823
651
-12121
-4203
13600
-10187
9316
16394
203
-12181
-15616
9953
16257
981
11933
2589
-14116
10494
3834
-563
714
-13325
-2888
-11919
-15945
-13567
-15241
10394
3058
-13758
-2594
-526
-1176
786
476
12703
14957
14379
1916
-510
13124
1455
-163
-11838
-4005
13542
2706
800
-12383
-2795
-10811
-16185
10677
3005
-13822
10158
2919
-14072
10565
3780
-337
242
-1110
-12803
-1901
-11980
9132
4720
11147
15715
14184
-10289
9304
4192
10900
-8639
15963
-932
12908
1845
12300
-9622
-3596
-10552
16261
11360
2107
-184
-11660
-2938
1691
327
862
12642
3396
-536
422
-13126
9765
4342
-13455
-15021
-1587
-11887
9391
-16292
1937
-500
-1122
213
754
12794
15090
14708
-10011
-16250
-14382
-15134
-2268
12757
15070
-10214
-15391
-1711
12685
-9301
-16238
10963
2184
-1492
-94
-1567
-334
-627
11884
15454
-10426
-4055
13323
1470
-1129
-411
-1146
663
-516
404
-372
582
-385
494
-12409
-15139
-14345
-2022
1667
-12876
-2748
-297
11726
3305
-14140
10477
-9112
15802
60
-12774
9778
4686
-14111
-863
-12771
9974
-8644
8007
4200
-14617
-1205
823
620
947
12553
2128
-1399
-12568
-2213
-11570
9390
3136
-923
-11356
-4421
13685
1170
12007
2650
10946
15970
1054
-13341
-1567
-12089
9007
3867
-14443
10670
3738
-291
174
215
-12397
-3391
-11668
-3761
226
-952
-12250
-2645
1972
-13382
10527
2647
10754
3539
-14479
10577
3883
-639
1692
-12864
-3277
-259
-828
-12799
9861
4284
10817
-16301
-11491
9952
3992
10983
-8727
16073
-1973
12327
3243
449
-12641
9544
3240
10725
-16253
-11593
-3139
-12173
8793
3681
-837
13378
14638
-10434
-15766
-2509
12331
15367
1329
-1357
586
12477
14669
14913
-10088
8423
-16057
-11167
-2259
67
-12931
-14799
10241
2782
-13366
-14698
-2791
-12337
-3330
-11429
-2795
1794
-539
-12803
9581
-8802
-4743
13831
14161
1848
-271
12799
14782
14570
1507
-428
949
12413
15038
14595
-10079
-4095
19
-13
-11566
-3945
1367
-12223
-15395
10624
-9068
16361
-1470
-13136
-3261
-11645
-2628
13871
14500
3099
-13142
-3176
834
12408
2311
-1725
-18
-1783
13079
-10083
8606
4794
-2173
13329
14505
3017
-12734
-3607
1186
-12871
-3016
-355
12162
3664
11936
2433
-2118
-11791
-16043
11051
1881
11689
-9193
8417
-15976
13262
2676
-13602
-3365
1212
-12720
-3149
38
-1339
-380
690
-892
12572
-9663
-3224
1888
-1428
1110
12416
15150
2677
-13019
-3195
-433
12189
3892
-2006
1249
-12795
9454
16133
2071
533
12852
2761
12063
-9649
-4608
715
11173
15820
2540
158
12693
1773
-1686
1186
-47
12810
3534
-1831
13371
-10539
9042
-8478
-3599
2136
11543
-9108
-3250
13734
14203
3469
-1195
12193
1963
-13535
-3095
12864
14720
14716
3400
-1746
12496
-9695
16257
11216
1717
11596
3994
11271
15684
14111
2095
-1989
763
-12376
-2333
13138
3431
-12970
9731
2952
-13623
-2832
781
-12153
-15744
10704
-9459
8630
-16053
13762
3243
12053
-9523
-4544
-11118
-16015
-14270
-1667
-11925
9704
4309
11301
3190
-2461
1325
-12740
-2061
1181
763
-12149
9348
4451
-13973
-1062
-540
11935
2767
-1908
13021
2536
-950
-12286
9392
16276
1947
-12379
-15190
-2898
12723
2278
-13589
-2933
-363
11893
15773
2267
240
999
-1101
12185
2412
-442
12639
15239
-10619
9545
4169
-1101
-11175
-16023
10541
15746
2659
-915
642
-12409
-3389
1421
-13120
-14771
-14491
9934
15810
2741
-12701
9846
2789
-2144
-11728
-15761
-2477
12845
3236
-960
-12648
-2479
510
11882
15766
2221
-12652
-15215
-1765
13085
1838
253
-298
11859
2708
-13808
-1300
-12195
-3706
-11529
-3896
1287
12250
2417
11072
16015
415
12150
3245
11612
15862
13689
3222
-13027
-3618
12871
3188
-1359
12886
2860
11929
3748
-463
302
-1318
571
-12349
-15373
-2734
12977
2876
12433
-9931
8586
3607
10384
-16357
1918
-705
460
-759
-1015
-584
-929
12095
15629
2232
12009
2310
-1659
12617
15023
-10127
-15985
-1175
-12397
-3326
-36
12098
3559
11480
4098
-1960
12797
2976
357
-510
12095
-9804
-4323
1789
11693
15981
897
-903
-12736
-3798
1558
-1285
12869
1677
11897
3708
11016
3262
-14396
10211
2868
-2033
13042
3123
-13213
-3173
1000
-1045
13084
2774
11904
-9076
-3831
14078
1231
-1294
13030
2584
12224
-9101
-4861
397
-13180
-14653
9900
16131
-10570
-3807
1493
-13110
-3024
-3
287
1107
-766
-12324
-15298
-1455
301
-13213
-2897
-11687
-2948
14023
-10504
-3721
-80
11983
2568
10849
4313
-13786
10033
15951
936
121
-123
-13249
9894
3018
-734
344
46
-12451
-3284
-12152
9507
4386
11011
4199
-672
13329
14146
15021
-10419
8721
-16121
-39
12816
-10103
8906
4538
11242
-9024
-3368
-11076
-3212
2588
-1758
13162
-9729
-3006
2180
-13676
-14398
-14613
9779
16210
-10905
-3100
936
12017
-9046
16190
-855
1123
205
13086
-9574
-4740
13883
-10508
-2388
1665
82
-11857
-2606
1617
708
716
12359
-9331
16229
11225
3432
-456
395
-13166
9817
15999
2430
-12593
-1900
-11823
-2337
-11084
-16305
-13707
-15209
10360
16030
2266
508
857
-1027
12507
2034
-567
1552
-118
12737
2262
-626
13219
1497
-1437
1128
-259
13392
-10016
8410
3824
-14572
10354
15673
2215
12159
15337
2221
11988
15555
809
12092
2162
-1805
-108
-15
-90
-13156
-2959
-12028
9426
3254
-1761
-12017
-3979
-11246
16399
11703
-9857
8856
-7900
15364
-344
-622
533
12913
2968
590
-12582
9338
-8824
-4896
14345
13778
15104
-9972
-4472
13174
1738
-13435
10247
2529
11201
2781
-418
-12163
9383
-8635
-3329
2289
-1605
-11586
-15945
11147
-9614
-4434
-10488
16267
11215
-9706
-15828
-13949
9418
4423
-1341
-392
12297
-9925
-4253
-11219
-3128
14141
1038
597
-12099
9185
4529
-13706
-14716
-3171
-358
12326
15374
14378
1786
-394
1024
-896
615
750
761
-628
-940
-640
-1113
12575
2980
11874
3845
11179
15924
1955
-732
601
162
13112
-10259
9394
-8847
8465
-8012
-4021
-10114
16020
-1715
-12582
-3328
1742
-1317
-402
-12867
-3466
13376
14525
14962
-10464
-3926
1470
11558
2893
-13582
-2119
13673
-10553
9432
-8541
-4968
1120
-490
-11722
-15167
-14539
-1825
-11366
-15617
-1098
-426
-551
715
12295
3755
-13165
-3337
86
-13026
-2174
745
-13246
9901
4075
-13579
-1548
12763
15329
2563
12181
-9792
-4118
282
11576
-9053
16164
-545
-829
12526
2299
-692
1564
-1216
12440
2044
-1601
-609
12200
3324
11831
2838
-961
1532
-12563
-15576
-1253
-11897
-2380
13913
2710
607
-12596
-3244
-11906
8842
3663
-14455
10507
15693
14110
15112
2524
-13082
-1744
917
12493
-9405
-4540
705
-1606
988
-395
-12772
-3166
-12253
-3421
-11688
9189
4645
-2227
93
119
12597
15023
1886
-13602
10126
-9365
-4681
1208
-2147
13407
-10231
-2660
-11013
-4538
1059
-13292
-2943
-12147
-15372
-14242
10081
4173
-39
-11752
-3849
-11857
-2218
-11740
9522
-8664
8196
5218
-1164
1773
197
1104
-955
-670
-12633
-2426
13891
1222
12079
-9537
-3336
664
11530
2385
11581
2681
11092
2930
-14027
-14173
-15214
-3009
-11507
-15811
10971
3829
-1586
1677
-13149
-3383
-11223
16316
11260
-9272
-4985
14493
-10724
9357
4543
-13823
-14227
-3540
-92
-12632
-1968
13416
1421
590
-12505
9423
-8879
-3323
938
11068
2911
-656
13023
14847
1470
-34
891
-929
770
704
472
105
-13411
10023
-8620
-4003
14788
-10809
-2530
2248
-13554
-1392
-11824
-4139
1698
129
13217
14662
14879
-10124
-4753
1811
-13076
10104
15830
2351
-12413
-2448
64
138
830
12749
3387
11613
3923
-13761
-2884
673
12742
3287
11928
-9365
-4645
2090
-1668
26
-12705
-3663
1586
-12899
-1813
234
-5
1178
-995
-687
425
12638
15264
2309
982
-12634
9591
-8824
-16380
-13663
-3831
715
-13692
10521
-8984
8097
-15334
-11874
-1873
-11784
-2493
325
11748
-9017
-4792
13752
2675
510
938
-647
-12686
-3161
-12366
-2252
-11197
8895
-16142
354
-651
-920
12047
15289
2544
-660
-1407
12595
-9763
8902
4650
-1840
-11767
-4151
-11532
-15811
-1084
13114
2913
12646
-9894
8642
-8518
-3625
1315
10922
2944
-13651
-1831
13101
1796
25
1005
-1137
-373
424
12352
3496
-13084
-1958
13037
2907
561
626
12335
3705
-650
13834
-10615
8838
-8299
15544
11472
14835
15085
2861
11932
-9303
15714
-1599
-12714
9571
-16039
-11375
-3246
-12291
-2656
1116
11274
15704
-10317
-15761
10344
3492
-13034
-2710
12324
15268
-10240
-3718
-69
-1641
-11677
-15900
10542
2692
-595
13729
2626
-1274
-11949
-15954
10736
2433
-285
353
-394
99
-12776
-2263
1740
-13130
-1759
1180
12210
15778
13608
15342
-10728
8637
-16054
328
12455
3635
-14024
-1256
-12152
9060
-16058
1523
13005
3345
11350
3941
-13221
-15119
10460
-9661
-2976
-10842
8757
-16318
14258
-9854
-2982
-11081
16162
-1528
-12577
9786
4713
-13915
-14597
-14857
-2799
12711
15437
-10390
-2606
248
-1620
66
-1307
12755
-10173
-2485
-11224
8669
5305
-14319
-2515
-12129
-3732
13564
1471
-13111
-14697
-1821
13068
3411
-13152
-1647
-303
12081
2854
-830
43
-12613
-15694
10604
-9152
-4524
14062
1063
-782
-12566
-2070
-11505
-4009
-11188
-15984
-2128
-644
-1075
-300
360
12287
15849
-11021
9439
-9035
-5081
2108
11464
15958
14312
14833
1354
-12865
-15409
-1694
-11560
-15922
11279
3460
11467
3268
-14399
10514
2705
-2368
1539
-12550
-3604
13539
-10148
-16141
-13704
-15387
10156
16325
-11277
9769
4050
10903
-16251
85
12670
-10107
8494
3756
-1495
13994
1471
-46
-12294
-15421
-14164
9497
16242
-10603
-2223
13318
2754
-12266
-15348
-1463
-11660
-15924
-501
-12104
9460
4446
-13411
-14833
9886
4302
-1922
13090
2037
-799
13283
-10094
-4283
13801
1009
523
-11993
-2833
788
-13406
-3146
1438
-1275
12729
3618
-2048
13453
-10374
8629
3877
-14677
10729
3440
-1570
1239
11958
15492
2476
171
-599
-1099
12539
14785
14742
-10361
9178
3778
11486
-8755
7926
-15501
-11893
-2035
-11531
-2781
13634
14833
-10150
-2757
1782
-139
-93
-995
319
12728
3082
12372
2075
11024
-8689
15828
11099
2084
-86
995
12822
-9976
8515
-7956
15621
11076
15613
-10850
9425
3185
-1480
13711
3070
-217
13096
-10236
-2564
401
11861
-9406
-4645
-11155
-4427
13329
14812
1733
11468
15381
2742
-1138
12358
-9793
-16026
-871
521
1426
-12742
9882
-8589
-3700
2319
-13206
-14788
10167
15733
1345
-923
-1250
-894
-12616
9855
15760
14217
-9756
-4495
1656
-60
1110
764
-658
12515
3211
-201
-11766
-3836
12967
15085
-10222
-2841
350
147
1053
12451
-9653
-16297
-500
343
12898
-9435
-4377
31
16
-11964
9109
-16230
506
12368
2220
-1946
-526
-832
-12760
9748
2948
-835
434
-272
962
790
-973
12373
3566
11715
15877
810
-13050
-14636
-15178
10394
-8694
16195
-201
-12640
-1839
-11673
-3617
-11779
9099
3838
-2847
13379
-10312
-4409
13487
14598
14918
14519
2955
-13254
-2147
203
-77
13341
3215
160
-12073
-15538
-14428
-2076
1676
-705
12630
14856
2804
-12541
-2505
13681
-10494
-2233
-11224
-3152
1328
-13831
-1437
-11748
-2837
14332
2243
12680
-9479
-5136
2159
-13462
10222
15867
13887
3384
-41
507
12487
2060
11094
16219
1895
12164
2380
-14122
10374
3559
11980
3880
11343
-8676
15861
-2085
-12409
-15712
10913
2360
11362
16250
488
434
-12595
-2105
1563
11851
4486
-13979
10158
-9210
-4701
13868
14333
1873
-1500
808
-793
-1049
-502
-12992
10131
2519
11262
-8819
-3366
967
-683
-11485
-15528
-1591
13491
-10412
9530
-9088
8199
5474
10268
-16163
-11229
-3720
1326
-1114
-214
-1220
-773
-12750
-3553
13527
14480
14746
-9870
16341
10882
2064
-422
358
-1501
12625
3134
519
-12463
9476
-8628
-3450
2306
-1304
-11970
-2616
1639
-12793
-1547
13129
14792
-10188
-15977
-2676
12483
15286
14475
2939
-939
447
12537
-9634
-15824
-14442
-3251
-11521
-4275
14008
-10543
9218
3438
-2448
1340
426
-12276
-2298
1836
228
961
1151
-12827
9819
-9068
-3236
828
11278
4478
-781
13456
-10387
-4266
2174
-187
13211
-10111
-15750
-14344
9814
4533
-1831
1674
-12878
-1980
-11445
-15565
-14311
-1708
-11572
-2441
1991
196
1101
465
-307
-1152
12447
2089
-333
1191
222
1045
387
12776
1742
11643
2234
11285
2577
11007
4181
-716
4
450
662
12629
-9252
16259
-2182
-12134
-15805
10898
-9265
-3200
14134
2315
-621
-1104
12131
1987
11336
15912
13655
14961
1546
-254
12689
3253
-13376
-1722
1332
12000
15405
1301
-1102
11961
15438
-10431
-2771
1823
-13286
-1550
1115
12450
2248
11362
2627
-2133
1405
-996
761
-12330
-15429
-14504
-2642
849
12518
-8937
15916
11075
-9739
-2890
13901
14167
3464
-149
12522
1916
-394
12822
15010
2689
12299
1598
-162
-11773
8873
-15979
-11497
-1748
-11548
-3135
2456
-13155
-1717
1498
-1002
-465
340
-349
-834
-1192
705
-12525
9596
16200
14002
3034
-1263
-12366
9199
16119
1175
-13218
10299
-9319
8536
-8170
15895
-13589
9682
3220
-1960
-12060
-15334
-14449
9872
3156
-13862
-1202
1187
346
-81
-13078
-1834
31
11887
3921
-272
1353
144
886
-191
156
12774
-9686
-16139
-1913
-1016
-936
-12187
-15453
10375
15788
2779
-813
-830
-12558
-15493
-2426
-12345
-2084
402
-208
185
8
12766
2099
-1472
591
675
-12087
-4144
13704
-10434
9169
4795
-2148
1202
600
-12187
-2423
1894
-12998
-3036
1396
471
1217
-12832
-15017
-14645
9753
16386
811
12195
1892
-253
1260
11703
2520
-13514
10033
15448
2627
-12814
9778
3913
11421
4287
-706
-88
204
780
12596
3360
-208
1399
-1132
12629
1921
-337
-11860
-2383
1185
12462
-9541
8421
-15608
1366
12886
-9764
16320
-2050
-980
835
-306
-1328
-339
-12938
10050
2798
-683
-11163
-16239
-2145
-12461
-2044
411
-236
182
-1359
12526
3436
-83
1262
-1080
770
877
247
1184
-12610
9318
-16339
520
12359
3553
-337
-278
-659
-12834
9703
-8691
16050
-1715
218
902
1013
-937
12804
3229
11661
-9215
16317
-904
12686
2042
-1551
-349
-1639
12921
1985
11255
2992
-14024
-3191
1367
-12993
9869
4404
-1991
13312
2786
610
-12285
-3965
-11121
16415
11361
-9405
-4575
908
-13973
-1364
1681
11974
15626
-10777
-15369
-2806
12166
4015
-13342
10155
2401
-752
840
-579
12865
-9449
16279
10780
2235
-87
13272
14718
-10469
-15171
-14812
9933
-8410
16225
-179
-12597
-15352
-13543
-15554
10478
-8630
15986
11273
2161
-449
13378
1618
-1368
-690
-876
-12445
-2367
543
-13263
-1654
1480
334
1220
-750
507
902
-718
727
-581
207
130
-13299
10098
-9133
-4791
2522
-876
13541
-9980
8616
-16361
1779
963
12260
15058
2768
583
769
-894
-12300
-15329
-3031
1340
-12513
9937
2573
-1801
-11878
9238
2704
-1930
-11765
8859
16194
739
583
12645
14977
2627
-12790
-15099
-1855
12996
2247
-1354
12496
3047
-12420
-15439
10155
-8960
16168
11720
1452
11967
-8907
-5154
2274
-13353
-2989
-164
59
1376
712
595
-322
-12582
-2066
1716
-12743
-14805
-14868
-1207
-12305
9787
-8605
8100
-15804
1471
126
-1335
12100
-9480
-15920
-2556
12457
-9777
-3940
1839
11699
3737
-13178
-14840
10148
15492
1390
-12637
-4105
13444
-10327
9254
3283
-1222
539
-1590
874
652
581
1149
-751
12232
3863
-13612
-2723
-12111
-2729
2042
-13010
-1713
13147
14885
3322
-1295
-1008
-12741
-15406
10553
15544
14304
1870
-269
582
12466
2436
11178
15736
-10962
-15446
-1460
13159
1827
-153
-11342
-16201
10869
-8945
16285
-2033
-12367
-15613
10793
2791
-1003
13684
-10009
-3283
13953
-10663
-4050
13355
14597
14640
14647
1548
-494
12709
3412
26
12806
3233
-13092
-1484
1092
311
-11556
-15934
10542
2643
-1853
13161
1298
-1262
-12564
9805
2784
11063
-8745
15801
-1690
67
12764
2384
-2259
12992
3010
11845
15832
714
584
-12576
-3608
-11752
-2593
712
-118
1263
-979
814
-781
12284
2208
-1761
912
-1036
-280
-1211
12496
-9310
16080
-500
-12234
-2692
14322
-10431
9265
3301
-14335
-14394
-3195
-577
12519
3510
11759
2432
-950
1736
325
12747
3338
-12962
-14765
-1747
4
-12757
-15185
-1180
908
12494
4210
-557
12937
-9972
-16353
10869
15304
14334
15193
2377
184
1204
166
13126
-10098
-2748
-11134
-3029
2241
-222
1459
-557
12074
15391
-10486
-15785
-2446
638
590
36
-13102
9960
4247
-2089
521
-13702
10164
-9022
-3327
2651
-405
1843
-12988
-2135
-11456
-4143
13640
14736
2697
716
-12591
9294
3009
-475
1569
12227
-9685
-16185
-13938
-3901
13556
3063
12103
3793
-1794
-346
-1178
871
-926
-736
-12292
-3971
13471
-10213
-3992
387
-420
1275
-560
-1129
12160
3570
-58
12934
14745
1391
258
-964
12725
-9900
8833
-8239
15368
-1519
-1074
12311
15287
2656
-1045
12032
15254
926
12193
3324
11591
2515
-2275
-115
-1681
12796
3204
11850
4181
-1953
1123
-12685
-15442
-1109
1093
12728
3495
70
-12005
-3963
206
-101
1163
-492
-1252
12368
2571
-743
12996
-10025
-15954
10912
15059
3108
-12652
-3796
249
-13706
10774
-9296
8117
4318
-15031
10825
2322
-824
13890
2455
12121
-9460
-4431
191
11637
-9379
-2913
881
11267
4198
-13061
-15027
-1546
-11506
-15791
-2414
-12288
-1955
13321
14994
-10265
-4270
1773
-1685
12835
2368
-899
13262
-9951
-4287
13394
2854
-12678
-1666
1273
-937
-12155
-15491
-2631
-453
446
-547
-901
828
12459
15440
-10597
-15647
-14313
-3259
1175
-768
-12417
-2226
13424
14963
2803
445
-12254
-2334
1619
-887
-12424
-2065
365
-502
1767
-12625
9443
-16233
-11364
-1887
-11612
-2671
878
-1471
-12218
-15169
-14465
-3419
261
-13302
10373
4116
11159
4610
-13965
-1719
238
-1470
12476
3706
-13307
10154
3638
17
-12095
9187
3237
10904
15998
1962
-12447
-2013
13169
14975
-10451
-15688
-14371
9875
16161
2362
-12271
-15497
-1521
1447
-610
-722
-606
-12956
-3117
-11837
-2559
923
-13782
-2435
-12231
9254
5086
-14060
-1195
-12079
-3625
-203
12220
-9466
8579
4720
-2431
1459
12323
15228
14657
-10303
-16105
-14092
-3713
13434
3404
48
-43
-13112
-3408
1369
-728
-589
666
-12137
-15313
-14426
-14959
-14512
-1242
959
12943
-9801
8484
4980
-1098
13414
15113
804
12108
-9301
-5141
14059
-10691
-3723
1790
-162
106
-12864
-3556
1231
564
-632
12537
3510
11457
2593
-13800
-3023
12563
3285
-819
-1283
12377
-9667
8600
-16058
1693
977
-692
-867
521
-832
-12500
-15198
10473
15508
1072
-12711
-3326
12665
15111
-10189
-16074
-2224
-902
12319
2503
-13989
-1437
-196
11834
15725
774
241
-749
11853
15649
14256
14789
1422
-13338
-3031
-541
-1336
-11718
-15768
10420
3042
-14141
10807
-9570
-3450
2869
-1756
12810
3377
-13282
-2774
-801
12491
-9285
-4529
-11471
-15807
-14129
9863
4117
-1612
-64
11822
15304
2833
-12882
-3726
-261
-3
12808
15051
14774
14609
14407
-10288
-16061
-1305
13112
3115
12185
-9612
-4505
287
11549
2989
-2181
945
-12281
-15382
10397
3999
-13517
-1123
1116
12122
4051
-13440
-3060
-460
262
-186
331
1005
668
1036
-630
-1197
-553
-12936
9982
2408
11751
-9227
8387
-7904
15429
218
-12954
-2007
-11223
-2824
13919
14726
1585
273
-12490
-3667
-11674
-2738
2064
234
964
13003
1635
11330
-8658
15842
10909
2413
-13666
10299
3745
177
1267
12180
-9127
16289
-2369
-12250
-15208
10670
3868
-13194
-14811
-1633
-378
12472
2174
11406
2484
-2247
110
-1629
12827
-10178
-3859
-11438
8522
5017
-13757
-1444
12998
3119
393
-305
-7
-373
634
-990
12534
-9906
9143
4363
11257
-8690
-5139
2435
-13552
-1397
-11623
-4134
1663
-1240
-583
12581
14934
14335
-9686
16204
10740
3614
-158
13636
827
11968
-9218
8273
-16014
653
-12920
-3432
-11811
-4180
13963
-10605
-2250
-11038
-2954
2340
-13326
-14358
-14754
9832
2944
-13504
-1344
12668
1851
-13000
-3393
12740
1683
257
888
12120
2389
-574
13086
2857
386
914
12326
3855
-220
1387
-12488
-15576
-923
-11918
-2390
2088
-13154
-1183
1167
11970
-9071
16295
11014
15343
2670
-458
-13310
-2004
-11401
9067
-16288
2416
-12400
-1976
-11738
-15889
-13747
-15584
10940
2594
11151
4490
-14118
-1427
-75
11906
15508
2790
-12664
-2291
179
-13279
-1578
-147
12272
3508
11876
-9322
-5090
2053
-1369
12832
14862
2788
-12704
-2443
13382
1398
12243
3391
11676
-9280
-3352
1175
-630
1333
-12532
-15429
10505
15218
14557
3629
11324
15393
-10494
-15905
10630
3533
-1502
1345
204
13086
1847
-618
-11482
-15766
10304
16013
-10568
-2453
442
-13505
-2853
1301
-1156
-247
-12690
-3679
130
-13378
-1680
-14
11893
15529
14362
3331
-306
1062
-12791
-2211
13654
14636
14821
1797
-13615
-1576
-11930
-3642
-11909
-3874
-11333
9068
-16395
2308
-12468
-2484
1867
-1128
12511
3682
-13401
-1832
-212
135
13200
14786
14864
-10706
-2599
-11379
8674
-15977
1881
1015
-518
-1270
-620
-12468
-15396
-2418
-12381
-3300
-11990
-2211
-11195
9029
3244
-2028
-12225
9791
-9264
8385
-7685
-5502
13990
2550
-12500
-3459
13047
1532
249
-11973
-4131
3
-1092
857
12518
3708
-13593
-2730
-12468
9437
4695
-646
390
63
844
1044
-12278
-3776
105
-13347
-3176
1168
12556
15349
14324
-9790
-16151
-2879
-615
-12805
10085
16027
13658
2287
-13394
-2265
13405
-10045
-2440
1743
-1425
-12294
-2276
13695
14307
15290
-10292
-3397
2356
-13124
9808
16153
-10910
-3474
773
656
-11872
9071
-16235
-11321
-2084
1910
-215
13588
-10328
-4274
-11210
-4591
13783
2846
-865
-550
-1693
984
-12368
9286
16258
2369
-1139
12633
-10155
8966
4706
-1046
679
-1904
12509
3665
-226
13068
1690
-1434
1049
546
-12553
-15109
-14573
9956
-16372
2333
738
-12223
-15467
-2854
1273
-12383
-3767
498
-13376
9831
4612
-13766
10577
1977
-1525
-11940
8997
4708
-14023
-2616
790
12314
15757
900
281
-12474
-2225
207
11776
4025
-182
1246
-1184
-557
-1144
12376
2145
-1850
1141
-713
-959
-1102
-12429
-15336
10368
15732
2553
-643
588
-1004
827
-12103
-3693
-112
-13072
-14764
-1578
13413
1830
-50
-11749
-15612
-2520
-695
-12642
-14883
-3040
12848
3364
94
1436
96
12676
3616
-235
13170
1464
-318
194
-45
12737
2152
-13691
-3073
1246
292
13351
-10227
-2583
-10930
-3441
2565
-12791
-2202
13456
-9906
-2704
13346
1588
-12912
9629
15867
-10981
-3194
1112
12145
-9189
-16094
-14170
-3087
-11897
-2244
-11081
-16226
-772
-475
12243
15213
14330
1508
11270
15463
14111
14821
14475
1421
-240
794
683
1107
12099
15597
-10349
-2739
1677
-12742
-15115
10412
2467
-1704
1394
-1604
-343
-12597
9285
16413
-11014
-1969
11
-1530
-12312
-2035
38
11603
4099
-263
13013
15086
1343
217
-12218
-15665
-14406
-2758
-416
12263
-9385
16379
-372
313
13103
-9460
-3347
2584
-13229
-1815
26
-13045
-1433
12782
15024
-10058
-4574
13329
1207
11938
15646
13988
3058
-876
-13066
9783
-8629
-4886
2439
-13465
-14552
-14385
-1906
1623
-12334
-15515
10766
2435
11463
4365
-13677
-14487
-15385
-975
-11791
9403
4955
-14234
-827
-12614
9537
4965
10938
-16339
-10973
-15418
-14556
-15258
-14406
-2840
12975
15023
3044
-13069
-1833
-159
11809
2418
-1741
780
12132
2477
-496
13160
1779
-13748
-2662
-12567
9563
4883
-2321
1750
-12784
-3700
285
-13060
-3309
67
-13260
-3134
88
-1629
13162
-10079
-2787
-11292
-4426
2004
11799
15806
949
-53
-467
295
12853
14863
1339
-12949
-3699
12994
1680
131
-39
-1625
1005
-12421
-3676
1546
-837
-915
607
-12228
-4079
13357
2983
12122
15727
2051
847
-12542
-2239
515
-214
1540
-12940
-3370
1674
11812
15616
-10422
-16129
10888
1864
11704
2845
-946
1822
-13286
-1178
-12042
9089
-7957
15496
11443
2032
-394
13419
2913
139
-341
170
828
12917
1557
11844
-9162
-3644
1252
-13609
-3095
-165
-12935
-3067
1081
1003
-12203
-2253
-11242
-16014
-960
1059
650
13031
15105
14134
1795
-13157
-2052
13429
-10295
-15692
-13747
-3836
13296
-9711
-15635
-2592
552
-11674
-15745
10921
-9338
-4897
2705
-13504
10156
4564
-13937
-2483
-12473
-2315
607
-137
1484
813
900
-727
-12802
-15284
-2657
12758
14982
2922
-12507
-3728
12542
2011
-13270
9952
15641
2209
-304
231
12523
2260
-13918
-2642
-12535
9532
4566
-633
291
-247
13220
2610
12384
-9400
7894
-15536
-11813
9915
4202
-629
2065
-1364
-588
-12514
-15678
-2293
-12514
9931
3188
-812
-11682
-15735
-14268
9828
16100
2578
-550
91
-649
-12476
-2364
13382
1829
-1737
12610
1911
-411
13124
1663
-1425
632
667
-12170
-2622
13633
1603
11844
15426
1103
-12856
-3662
-252
-13097
-3090
-526
12528
1976
11340
-8618
15526
11662
-9910
-3030
2896
-14040
10707
-9284
8677
5159
-1034
-11145
-16051
-1065
1371
823
722
-610
-12777
9841
15876
14294
-10175
-4289
-11880
8841
-16061
13575
15451
2712
-1131
-815
-13077
-14816
-14715
9991
2836
-1654
-580
12131
-9652
-3213
2566
-1597
12911
2080
-13296
-14880
-14916
-14392
-15073
10968
-9519
8896
-8100
-3666
1098
-2097
-11393
-16202
10858
-8975
-5015
14000
-10790
-3886
13647
14085
15213
-10280
-4497
1519
-1128
828
12539
1778
-1765
-588
11991
15234
14570
1652
-2058
1511
-13072
9866
-8421
15958
-368
-12650
-15083
-859
12457
15614
-10243
-2806
1950
-13376
-2710
1069
11880
4111
-13648
10055
15677
13721
15640
2395
12009
3832
-13856
-832
-12359
9173
-8341
15851
11652
14670
14849
-9960
-3029
1978
-1387
-549
293
1161
593
12706
1930
-1731
-221
-1325
906
-12411
-15221
-14449
-3195
1237
-786
1144
345
12622
-9752
-2799
13799
13994
2375
-13622
9596
4785
-13995
10643
-9086
15973
-85
-12714
-2076
2117
-164
13054
3243
12059
15559
14105
-10226
-15678
-14403
9588
4671
-13379
-1344
-538
-901
-12831
9804
3052
10524
-16135
-11168
-2427
350
-13592
-1372
1141
12480
2164
11346
4028
-395
1701
-1100
817
-12369
-15299
-14285
-3198
-490
-537
-12524
9440
3157
-14128
-2873
835
841
12765
14830
3080
-12957
9907
3868
-390
-11487
-4188
13199
14837
1669
98
-506
-1072
-12817
-3339
-12141
9715
4576
11361
-8916
16197
-13862
-2241
1996
-729
527
860
-12191
-3545
13077
3227
-12545
-15362
-2657
-12195
-2566
877
-13486
9890
16200
566
12273
1821
-285
-287
11652
2261
-562
13244
14571
14729
2936
-24
1202
-1393
12510
3520
11576
15786
2196
696
-715
7
1153
-762
12222
15288
2372
-832
-1095
11822
15634
2470
12168
3442
-1598
-768
12110
1828
11659
3844
11379
4093
-2205
1269
-1180
12243
15565
2135
12951
-10368
8721
-8101
-4174
14414
2798
-1100
12322
2314
-13950
10375
-9542
-2961
2575
11614
4213
-13310
-14749
-15127
-2433
-12539
9703
-8406
-3790
14653
910
-1431
-371
-13348
10326
2290
11090
-8543
-5076
13943
2729
-12635
-14693
-14896
-3171
-11853
-15273
-1231
12810
1932
-1658
12701
14854
14724
1348
-1444
-12317
-2372
634
-13189
-14796
-14264
-14979
-2802
-11792
-15600
-1092
1411
-877
12509
3265
23
1130
12041
15184
14284
14967
14101
14628
1757
-471
12977
-10087
-16145
-308
453
12632
-9109
16135
11143
2268
-1865
1377
-12469
-15293
-962
-11873
-15520
-13851
-15087
-3043
1584
-13000
10084
4158
11097
-16241
201
12232
-9825
-4497
1717
11609
2556
-410
13269
14676
2998
-12542
-15564
-2699
-12339
-3827
264
-32
12695
15226
2621
11900
15492
2325
12528
3178
-1634
-11966
-2429
13557
1610
-12812
-15284
-2833
-11910
-3790
1865
-12740
-15238
-2235
-12840
10048
-8460
-5411
2594
-13170
-3630
13547
-10526
9128
4946
-1119
13820
1525
-405
-80
-13050
-3478
13383
2961
-1176
-12180
-15978
11194
3438
11727
-8406
15683
11256
-9663
-16058
-312
-1094
782
-11969
-2406
13812
1195
387
-12083
-2569
2102
347
1221
-454
-12918
-1977
-11583
-3690
1250
12325
-9046
-3509
14307
-10879
-3813
1892
-450
13582
-10122
9119
4724
-2228
-11461
-16064
-2122
-12351
-1983
-11183
-15630
-14287
-1632
-11550
-2271
1920
216
186
-1609
12650
-9655
-4326
129
-1386
-12163
-2568
747
-13515
10264
4441
-1958
-138
-13062
-15079
-1117
1113
979
-12087
-3569
38
-1333
-12526
-15214
-14368
10011
15941
1141
-12697
-2071
-333
-969
-12413
9767
4062
-219
-11260
-4518
13778
-10452
-3864
-11475
-4149
358
-1493
-12141
-15594
-1105
-418
12483
1795
11773
-9482
8486
3753
-1286
375
-13331
-14845
-1619
13229
2138
-119
1285
-12645
-15236
-1242
1199
989
-368
26
1500
-12841
9570
4624
-2175
13199
2994
-1176
-504
-1759
-430
-12863
9415
16368
549
12566
1608
-446
-11553
-2831
13761
2960
-1101
951
-845
470
-36
-13098
-3512
-11309
-15957
11058
-9317
-16083
-14049
-3025
-12118
9626
-8193
15617
-250
-12211
-3706
13109
3493
-13213
9855
2852
-770
13395
1577
-13327
-1753
1184
882
1136
12348
2105
-13734
-2846
664
12326
4013
-224
12953
3033
646
905
12358
-9270
-16233
-2174
-12697
-14743
-14407
-1782
-11228
-15547
-2513
1177
-12605
-1653
-11667
-2424
2251
-216
1924
-12725
9451
4727
-13563
-1232
-409
-13004
-14695
-3130
12702
1928
330
1184
12289
-9814
-16099
-14191
9682
16084
14151
3523
221
936
688
-11967
-15707
-939
-12044
-2188
2111
187
1085
782
-624
12050
15493
2739
-1191
-723
-13000
-1787
275
-1907
-163
-12912
9569
16199
2489
-720
492
-12479
-15448
-2228
-882
12300
-9442
16311
-682
12722
15041
15078
-10491
-2738
-11478
-4154
2064
11874
2233
-13180
-14941
9891
4415
-13533
-1445
1697
-1172
12794
-9804
-15764
-14127
-2136
-11066
-15584
-992
-329
-12852
-2815
950
12345
-9236
16397
-677
765
843
1326
441
12885
1916
-588
2153
-13335
9707
-8401
15892
11384
3675
-13250
-1063
-12331
-2053
-11076
-2829
2538
-13486
-1108
-12066
9126
3463
-995
13688
2535
-846
-12478
9438
4109
-1758
-12106
9280
-16386
13810
3635
-12903
-15287
-1459
-11674
-15496
-2507
-521
-916
486
1323
-12679
9697
2879
-2292
1392
243
1260
611
12672
1938
-298
-22
206
-631
-791
-12489
-2312
2051
-13062
-3223
1667
-104
13303
-9669
-3574
14294
-10594
9291
16347
669
-12824
-1913
-11773
-2534
462
187
1380
12172
3818
-13247
-1747
1192
861
-367
11910
3962
-13484
-1681
13
-1835
12865
1958
11387
15722
2632
-12981
-2001
-11616
-2532
13917
2677
-530
-13154
10018
-8997
8346
3994
-15002
-2067
-12596
9523
4465
-1735
-12302
9520
2979
11065
4460
-13880
-14162
-15410
10505
-8985
-4741
851
-1921
807
1325
-12531
9550
2954
-14187
-2502
752
12495
2088
32
-12383
9908
-8976
8258
-8029
15577
-1653
11868
15594
1276
99
-461
-1344
857
-785
-1173
-513
316
12518
4059
-13739
10457
-9133
-3574
2647
-13421
-1535
13245
14989
2841
662
-12221
-4083
1649
-12967
-1232
-126
11735
-9179
-16213
-2426
12342
2077
-1831
1395
320
12448
2403
-13884
10362
4014
-2152
1789
-13105
9814
4405
-449
307
103
-566
-903
-12615
-3692
39
-1267
831
940
-12529
-1940
-142
12048
2296
11199
4253
-1768
1149
-1184
-12500
-14912
-1449
13279
-9869
-15744
-14132
-3663
-219
795
-574
11944
2761
-14257
10384
-9132
-4988
14059
1082
-1359
-777
-1085
-1046
12419
3810
-1816
1035
-12768
-3696
13299
14536
14738
1633
-1865
12682
3215
363
-12269
-3409
-11922
9381
-8515
16203
-13690
-2394
2160
-1156
12616
3574
218
-516
-1316
-12315
-2315
13602
1442
-1220
-674
-1524
-263
-13097
10182
-9242
-3326
-10698
-3257
14128
14105
15017
3020
11939
15371
916
-12959
-15386
-1038
-297
12299
-9281
-16125
-14003
-3431
-12107
-3284
-11997
9203
3652
-2915
13611
-10470
-4329
2292
-2005
12883
-9541
-4531
13430
2684
-12663
-3267
12815
14722
1559
-13034
-3744
13053
3263
-1389
1391
-12995
9967
-9130
-2845
-11155
9028
-8297
-3852
3277
-13865
10697
-9297
-3246
-10807
-4397
1991
11870
4049
-13477
-1156
-432
11900
-9286
16314
-2387
12397
15419
14366
3405
-13059
-3706
1469
-12816
-1940
179
-1758
12724
15179
14214
15047
1308
-1875
1038
-12731
-1931
169
-214
1525
676
12478
15306
1407
-1457
531
-12420
-14981
-1617
13296
-9888
-4041
1787
-1766
10
-13192
9638
3038
-2394
13342
2864
-870
-12355
-2296
-11320
-15539
-14289
-1593
-11533
-3879
200
-1480
1270
-1120
739
-12268
-2426
14053
860
12045
-9217
-5114
13883
1062
362
-431
3
-149
-1413
12520
1916
-141
1460
-1392
1370
-13036
9913
-8589
-4105
14757
-10773
9408
16181
689
-12620
-3969
278
-13202
10157
-9196
-16157
-14012
9512
4936
-2291
13497
-10290
-2973
2708
-13885
10600
-9451
8678
4951
10672
3239
-1166
13531
3093
-1750
1190
-12663
9730
16269
2271
-12657
-15066
-14646
9457
-16257
-10612
9248
16286
-11096
-15603
-904
-12332
9847
2859
-2088
-11711
-2684
763
-13535
-2910
-11963
-2338
2127
-1032
-12724
-1624
-11591
9261
3433
-14258
-14095
-15287
-3042
237
-1441
12715
-9672
-16098
-2138
-1294
-426
-12492
-2508
2374
-13018
9933
4427
-13921
-2741
-925
11931
15794
14255
15018
1286
-13363
-15066
-14942
-2908
1220
12779
3702
-1596
-12062
-15767
-1348
1431
-702
12233
15121
1485
-42
12518
1999
-13902
10562
2268
10718
4764
-13908
10193
15638
2193
1206
-1106
11902
4009
-1562
12689
3254
-13049
-15102
-1336
1216
12589
2185
-2256
1267
772
12459
15319
-10527
-15919
-918
860
12616
2067
-246
1383
12272
3540
551
-12207
-2657
-10805
-16104
10886
4268
-13434
-1250
-11678
-15937
-694
-12191
-1756
1689
12127
-9428
-4486
1841
11924
2424
-1745
-12578
-2042
-11435
9214
4384
-1725
-11743
8738
-16094
-11011
-3728
-164
-13443
-2647
-476
12078
-9588
-16066
-14027
9508
-16243
867
693
-12526
-15612
-14083
-1660
13358
1538
-12684
-15212
9826
4650
-13730
10297
2632
-2557
13197
1583
-573
13297
1520
11331
15668
835
281
12851
3079
-1190
-12663
-3781
-99
11438
15883
962
11767
15409
871
-1276
578
-674
-996
468
1398
-13026
10219
-9212
8072
4028
-2958
12984
15403
-10706
9126
-8668
16173
-318
12511
-9750
-15638
-14628
9823
4529
11389
15949
431
-877
509
11945
4040
-13079
9510
16035
-10683
-4032
13660
-10695
-2367
-10710
15758
11583
-9430
8715
-15840
-11756
-14733
-14858
9799
2820
-87
-63
12015
-9462
-16443
-13656
-15821
11060
3978
11351
4651
-14247
10377
3975
11236
16252
2254
471
-331
-12921
-2115
465
-13104
-3314
1379
-12889
-1467
-120
11855
2425
-2283
1158
380
12787
14990
14573
3269
-111
1386
-12816
-2203
257
-1378
12685
14668
1594
-13053
9414
15981
-11030
-1660
1510
12087
-9213
-16272
-14307
-3380
-33
11622
16002
-11178
9698
4331
10935
4958
-13884
-1230
-11719
-15589
-14209
-15000
-14429
-1711
13584
3221
12286
2097
-2175
-12110
-3652
1023
12450
-9021
-5149
13791
-10406
-4073
13633
1056
-1287
-12379
-3670
-728
12339
-9211
8257
-15786
-11624
-3713
-36
-85
12783
15648
-10941
9429
-9033
-5296
851
11423
15537
14481
-10139
-2813
342
-82
18
-1656
1214
-12659
9664
2907
-459
88
-202
-11641
-15760
10582
4061
-1424
1088
590
-12434
-3442
1171
12046
3930
126
12907
14576
3206
-13240
9965
2397
11132
4381
-2235
-172
-1482
12527
1673
-1467
-12330
9451
2736
-2072
-11570
-2701
2094
-12860
-15072
-2758
-1046
12444
3803
11582
15950
484
503
-12161
-3950
-358
-941
-12377
9393
4689
-13757
-2722
-790
194
1541
-1003
12594
3576
-1673
-12182
-15556
-1180
13259
1586
-1569
-12313
-2387
13445
14849
3358
-1592
768
-12385
-2289
13635
1415
102
1490
-1120
424
-224
-13018
10069
2753
-2403
-11740
-15624
-2918
12633
2115
-2017
13013
1433
11473
3979
-1833
1140
12326
3272
531
-12228
9281
4620
-529
94
42
-572
12457
2970
12155
-9112
8185
-16012
-11599
-15102
-2924
12331
15344
2999
-878
463
907
-12059
-15618
-2570
-12258
-1872
1722
-1096
-12324
-2319
13828
2389
12529
-9398
8264
-16237
2370
-12653
9655
-8915
-4833
1821
347
-11586
9068
16165
-10812
-15695
10635
3658
12037
3906
-1934
-11952
-4213
13319
3096
-975
-691
-1623
1025
-12599
9936
4142
11755
-9281
-3310
-10836
-4795
13986
2513
12789
-10142
8663
-8403
8206
-15953
13245
-9143
16205
11114
3516
-1730
-11669
-15747
10400
16044
-10932
-3466
-12107
-2702
2629
-1606
12966
-10107
-3883
-11895
8796
-8146
-5019
13722
14494
-9871
-4256
-259
-1138
-12651
9883
-9014
-3501
1411
-635
13284
3648
-13449
-3181
-12108
-3984
13576
2692
970
-12434
9455
3103
-1002
2045
-13236
-1495
1689
11854
2468
-13583
-1667
13111
3231
-1124
-777
-1187
811
-726
-700
-12960
-1633
-11457
-3050
2664
-12878
9884
15960
-11086
-15282
-1348
12816
15373
2546
635
-12503
9358
16227
13985
3541
-1308
-12772
-3596
-11901
-2309
696
-1745
1390
-12925
-1559
-11734
9088
3492
-2582
1351
975
-12706
9883
-8873
-5040
2433
-1777
1003
1134
546
12571
2123
-2077
12830
3232
-1446
-844
-1280
787
12339
15197
3267
32
12759
-9626
16122
11356
-10148
9121
3414
10606
4466
-319
-11773
-2447
2198
-1607
-398
-12519
-3987
13340
-10286
-2438
282
11827
4027
11727
-9266
16309
-13843
-3791
1323
-660
963
12239
15503
-10670
-4228
1775
-1570
12794
1948
-2002
-643
-1019
-1042
12013
2469
-13821
10166
2201
-1820
-246
11663
2325
-13815
-2903
-770
12362
3850
7
-11786
-15998
-815
-484
12505
3816
-66
-11681
-15831
-1074
-411
589
-569
12494
1661
11659
-9303
-5060
2202
-1810
13219
1417
11664
-9139
-5060
1881
-1438
-522
12076
15272
925
-1051
-1032
11909
2382
-13754
-3297
-532
304
12935
15418
2527
580
-11983
-16138
11325
-10004
8902
-7898
-3885
14536
934
-12616
-15298
-2954
-12176
-3704
1669
575
1484
491
-592
-12505
-3980
13154
1944
-1960
13023
-10257
-4443
403
-2170
13085
1377
11861
2368
10856
4759
-13860
-3021
-12157
-15544
-662
1030
1096
-12122
-3892
-219
221
-438
12463
3299
11998
-9368
-4751
500
-2290
-208
-13094
9986
15883
13802
2495
-14118
10469
-9252
-3029
-10743
16296
-13766
-1906
13396
15377
1156
56
-11713
-16054
11041
-9497
-4273
-11584
-2399
-11045
8764
5197
-13932
-1167
1290
-1021
912
962
1077
996
-538
-12850
-15336
-14510
-3103
13008
15051
3376
-13129
-1735
-11916
-4049
2129
-256
13709
-10202
8649
5469
-14567
10821
-9567
-3120
2471
11906
1853
11626
-9355
8064
-15747
1656
13023
1523
-1789
-12336
-2447
2367
-142
13170
-9733
-2754
13848
2359
-12163
-15244
9804
-16339
-11184
9843
-9062
-5398
2777
-153
13053
3491
-13320
-1460
1279
12521
2376
-379
-11975
-15395
-14679
10040
4699
-410
13731
-10826
-2333
-11213
8349
-15960
2174
12586
14830
2820
-13002
10188
3798
11333
-8571
15891
11283
3491
-1195
-12441
-3668
-11875
9405
3040
-2366
-11974
-2205
1824
11842
4344
-13847
10490
2386
10836
4480
-13803
-2886
12584
14956
1796
-13483
-1750
-11963
-2133
1946
11777
2455
-1965
12766
14808
3224
-13006
-3467
-11988
-3901
110
-1190
-12574
-1768
-11415
-2633
2641
-13264
-3066
-12221
-4067
1695
12232
15639
14381
1751
-13683
-14965
-14784
-3301
13359
1229
12228
-9692
8340
5189
-1182
13903
2715
12043
3873
-203
1755
386
1081
-12261
-15414
-1170
1446
1030
-681
-864
-12558
-3776
1795
-12916
-1308
-11912
-2114
-11044
-3164
1027
-13572
10233
15935
2050
1619
-12767
9670
-8905
16099
-13358
-4151
13553
1752
-318
1810
-12945
9879
2477
-2058
-12152
9415
4351
11058
3019
-752
12723
15044
-10379
9260
16198
1874
-12132
-15407
-1438
13319
1585
-1267
-12291
-4073
311
-13426
-2959
-12034
-2365
2189
-1199
-480
-1270
-933
-12666
-3412
-642
12530
-9770
8878
-8199
-5471
727
-1670
-12509
10023
-9437
8787
-8175
7993
5614
-967
-11462
-15656
-14411
10219
4139
-66
-11731
-4238
13467
14556
15132
-10720
-4190
-11892
8699
-16134
14036
15118
14236
-10271
-15994
-2910
12526
3338
12360
3805
11241
2768
-14105
-1662
1578
-830
12114
15369
-10596
-4247
13524
2537
12825
-9646
-3200
-10722
-16327
-223
-690
-1178
-11983
-15687
10545
2196
-60
-155
11845
2374
-2248
-155
-13291
-1977
530
-1739
12424
4073
-13489
9920
3028
-14496
10636
-9426
-3110
14093
14370
1802
-85
1379
-13058
-3174
-12341
9214
4838
11372
15701
14165
-9716
-4685
1820
-12756
-15156
-973
-12131
-2224
736
-323
12942
3529
-1297
12217
15345
-10440
-4272
138
-13490
-1368
251
-1620
-360
-12741
-15480
-2242
-12791
9900
-8578
-3240
2437
-68
-11487
-3920
13202
1470
-12906
-14828
-1464
-68
-13057
-14564
-14931
10285
4567
-2066
-208
-13027
-2042
13552
3017
359
1219
397
12505
15157
14702
14625
14391
-10280
-15939
-1443
12900
1947
11476
15818
2411
-976
-808
-13019
-3135
-12274
-3895
-10980
-4684
13635
-9762
-16248
11095
-10006
-2684
2537
11374
16022
1033
299
-443
-13121
-14913
-14629
-1613
1955
764
766
-419
-12607
9150
-16343
-10852
-2630
14070
-10681
8934
5035
-14115
10555
15416
2436
-343
-1665
12480
-9794
-3072
2611
48
13198
3307
-13263
-14828
-2948
12585
15193
-10347
-15545
-1196
12713
3966
-13203
-1599
-11985
-2214
2078
11973
2155
-379
-367
11731
15414
14110
15305
2379
12096
-9713
-4287
1568
11803
-8584
16057
11061
-9513
-16202
-714
1020
-726
12132
15657
2482
12007
2415
-14219
10166
2684
-684
13134
3267
-13041
9866
15719
2232
1286
-1233
12076
2511
-2613
13151
-9923
-3002
14279
-11069
-1852
-11345
8801
3183
-2004
-12265
9112
-8527
-3231
13970
14581
-9912
-4724
1750
-13049
10116
15605
14532
-10072
9040
-8817
-4779
-11100
-3148
-10441
16337
10966
4044
-173
13528
1415
-2072
1521
-13072
10010
2799
-1122
789
-13415
9956
4309
-13358
-14391
-3605
1536
-12297
-3746
114
-13012
-1899
1831
-12686
-1738
13547
1234
-1219
-12450
-2368
426
255
1160
868
-12255
-4053
13754
1005
11919
-8924
15517
11695
-10078
8985
5013
-2553
1981
25
13007
-9761
-4655
236
116
-393
12405
-9798
-4441
-11625
-2782
2457
11625
15775
2778
-1558
13018
-10287
8914
-8260
15776
-11
290
1454
-12348
9210
-16320
1962
12864
3474
-2092
1609
-13153
9738
3259
-1019
13638
-10514
-15821
-2153
11949
15242
-10066
-16020
10405
15861
502
12401
-9443
-3606
14492
-10504
-2431
317
-13151
-15099
10270
2560
-832
13699
3119
11587
16006
-10924
-4426
1826
-13020
9799
15949
849
310
12506
3546
10
12828
3166
-1466
12511
14750
14903
1014
11867
-9400
-3393
2556
-13390
-1149
1327
12546
-9490
-2705
-11162
-4107
-11471
-4438
-11000
-16124
10940
4051
-1561
-705
-1045
-12823
9689
2957
-731
1679
958
-12701
9577
-8767
-5107
13986
14502
3040
378
-12192
-4091
13010
14938
1213
12149
1634
11362
-9084
-3085
755
-324
-11559
-15967
-2484
1125
12161
15602
-10509
-2660
13812
2753
439
156
-13403
10193
-8906
16163
-13097
-15768
-1096
-11285
-15915
10819
3997
-1979
13293
1467
11569
4338
-13510
-14533
-14753
-14983
-14379
-14404
-3296
13370
-10058
-2092
-11292
-4787
-11050
-16225
10833
15366
14236
14921
14250
14706
14323
14741
1402
-2089
-689
-12881
-2001
13852
1207
85
-11569
-16117
10848
2510
-2023
1349
-12844
-15293
-1227
13000
14773
14755
3217
11737
15058
2991
-12714
9681
2438
-13873
-13923
-3842
12858
-9416
-16113
11053
1897
-1611
-12307
-3800
-12127
9282
4621
11113
16191
13671
15111
1065
-1717
-766
-1442
655
-754
490
13102
14755
14414
-9748
16340
10799
2046
-1880
1430
-1277
896
-508
254
1430
-12683
-2001
2186
-1597
13197
-10005
-4425
-11020
16314
-343
-12169
-3636
1855
-1337
-268
-13170
-1889
-11223
-2516
13643
3064
-12328
-3649
12947
-9959
-15513
-14370
-1788
-11282
-3902
10
-1149
-12324
-2203
-11354
-15793
-2697
12811
3262
12074
2578
-986
13477
-10508
-3977
104
11246
4522
-13204
-1632
-513
-12685
-14846
9641
16237
-10607
9199
16281
-11579
-3502
-244
11666
15505
2690
-12550
-2186
13566
1536
210
-12144
-15385
-14534
10026
2796
-181
100
-107
-11998
-15258
-3068
12563
2230
-2078
12681
1824
-438
13038
1818
-1941
12381
2113
-13612
10067
4498
-13612
-2959
-12076
-15485
-1068
1644
-12373
-1903
2171
-12815
-3218
-12232
-15562
-14258
10033
15762
14219
2229
-516
13151
-10126
-15922
-14289
-3671
1408
12215
15530
14502
14402
14858
-10320
-2931
2284
-13219
-1535
1799
643
1138
1077
-12439
-2359
2116
-1110
12292
15414
-10582
-4217
1479
779
1129
12589
-9741
-16273
-1914
289
12875
-9442
-16212
-437
927
-630
-12364
-15443
-2704
1201
630
-274
-12551
-2395
13934
-10240
-2855
790
-13629
10051
15722
741
612
12507
14806
2939
-840
192
12855
-9972
-2816
981
-2521
13353
-9859
-3037
2586
-13279
-1566
1560
-923
-954
12308
2221
-2027
-536
-12879
-15333
-1182
1784
458
13098
-9801
-4408
1782
647
-11937
-3997
-11725
-15619
-913
12836
1834
370
951
12483
-9630
-2982
472
18
1551
12180
2254
-13688
-1453
-270
-1335
1273
-1140
-1041
-12276
-3858
12700
2008
-13251
9534
16220
-11162
9639
4496
-2379
1385
-867
-1103
12252
4017
-13157
-3235
-12386
-15261
-14289
10205
2357
-160
-11390
-3062
14342
-10686
9537
-8887
-3036
-11094
8773
-7834
-5882
14387
-10428
-2759
14239
-10645
-4302
2197
-13411
10212
2607
-621
2230
162
-619
-12385
-15661
10534
4353
-2261
13152
-10200
9028
15956
13860
-9613
8529
16294
1887
-370
253
12882
1700
-1978
-11953
-16059
10814
3657
12019
4065
11278
2627
-2246
1002
926
-12093
-2419
2108
-12622
-3675
13527
-10302
-2365
-10703
-16421
-2095
-12230
-15529
-677
-11982
-1887
151
-1686
-11896
-2234
13351
3426
-12630
-1758
88
-12985
-14991
-14665
-14579
-2935
13038
1895
-13188
-14712
-15278
-2666
-12172
9431
4683
-1877
1177
11951
2238
-208
12565
15437
-10689
9001
5097
-14255
10849
-9759
-4092
-11534
8688
-7577
15429
11428
-9564
-16226
11407
1617
-13
-11635
-2343
-115
12028
-9566
8773
4964
10964
2580
-447
-12124
9185
4817
11239
15812
2378
-12582
-2296
13790
2918
13350
-9989
15287
-14551
-16498
-15414
-15073
-15924
11339
-9369
15215
-14718
-15898
-15521
11123
-9983
-17015
-14740
9785
-14765
-12442
10727
-9398
8446
-14183
-12316
-15844
-15705
-16157
-14998
-16285
11853
-9984
9589
-8609
14035
-13923
-16496
11333
16999
-11580
-15846
-15855
10902
-9485
15097
-13857
-17095
11407
-8988
14739
12076
-9825
15136
11858
-10407
-17293
12327
15832
15298
-10240
-17175
11201
16546
