Must_be			Simlutation
+0				+0
+0.25			-73047
-0.25			+59317
+0.5			-138593
-0.5			+126033
+0.75			-204142
-0.75			+191413
+1				-269896
-1				+258185
+1.25			-336000
-1.25			+323885
+1.5			-401126
-1.5			+389687
+1.75			-467732
-1.75			+455492
+2				-534641
-2				+521699
+2.5			-667115
-2.5			+654626
+3				-799989
-3				+787283
+3.5			-933041
-3.5 			+920212
+4				-1066583
-4				+1053794
+4.5			-1200487
-4.5			+1188124
+5				-1335678
-5				+1323108
+5.5			-1470894
-5.5			+1458722


xp=[0 0.25 0.5 0.75 1 1.25 1.5 1.75 2 2.5 3 3.5 4 4.5 5 5.5];
yp=[0 -73047 -138593 -204142 -269896 -336000 -401126 -467732 -534641 -667115 -799989 -933041 -1066583 -1200487 -1335678 -1470894];


xm=[0 -0.25 -0.5 -0.75 -1 -1.25 -1.5 -1.75 -2 -2.5 -3 -3.5 -4 -4.5 -5 5.5];
ym=[0 59317 126033 191413 258185 323885 389687 455492 521699 654626 787283 920212 1053794 1188124 1323108 1458722];

