10380
7846
1579
-6528
-14043
-17782
-17660
-15139
-12807
-11206
-11077
-11763
-12583
-11998
-10507
-8749
-7062
-6304
-5306
-3959
-2342
-608
700
1836
3548
5902
8884
10877
10188
4864
-3024
-10551
-13688
-11610
-3672
6556
15399
18728
17861
14428
10702
8925
9357
10047
9788
7544
5171
3459
2620
1692
0
-2076
-3361
-2130
1591
6347
9574
8453
2116
-6776
-13989
-17166
-16621
-14021
-12452
-12027
-13653
-14871
-13255
-8738
-2638
3823
8721
11275
11162
8356
4308
816
-458
730
2484
2286
-836
-5626
-8674
-7808
-1655
6928
13666
14132
6931
-4650
-15373
-21831
-22986
-19066
-11744
-4642
1916
6655
9507
10082
8664
6536
4646
2850
1522
203
-1276
-3042
-4760
-6174
-7262
-7749
-7634
-8120
-9934
-13631
-18067
-19723
-16203
-6004
5997
14716
15529
9419
-1120
-9836
-12632
-8091
-751
5051
6422
4392
1126
-472
493
2881
5079
5993
5586
5552
6294
8362
11626
13973
15527
15255
13121
8476
1278
-6660
-13156
-18014
-18910
-16235
-11209
-4812
1447
5523
6878
5500
3457
1700
391
-1111
-3215
-5396
-6235
-4017
1614
8175
11717
9938
3275
-6076
-14118
-18635
-19393
-16936
-13546
-9755
-8259
-8938
-11343
-12893
-13302
-11358
-7126
-2706
849
2153
1310
-200
-753
883
4793
9181
12568
13048
9507
2952
-4237
-10041
-12154
-10872
-4978
3783
13385
20435
22308
19019
11573
3025
-3658
-7261
-7657
-5232
-1482
1402
2149
956
-1393
-3371
-3876
-1978
1571
5784
9086
11508
12046
11810
12350
12995
14627
15511
14436
9959
2199
-6268
-12954
-15915
-15721
-12718
-8173
-3649
272
2558
2982
1845
0
-1860
-3043
-3063
-2313
-1144
