10380
7165
1343
-5260
-10880
-13429
-13166
-11278
-9649
-8643
-8857
-9879
-11264
-11635
-11249
-10580
-9927
-10709
-11526
-12068
-12112
-10501
-9124
-8785
-10518
-12824
-15412
-15892
-13008
-5580
3187
10406
12837
10503
3247
-5738
-13501
-16648
-16297
-13687
-10702
-9553
-10906
-13015
-14449
-13112
-11068
-9767
-11023
-14203
-17036
-17533
-14325
-6133
3496
11396
14697
11461
2598
-7691
-14932
-17497
-16401
-13568
-11963
-11612
-13406
-15040
-13990
-9763
-3171
5035
12870
19169
22688
21415
15168
4672
-7179
-15295
-15682
-8567
2247
11915
15310
11939
2256
-8618
-15807
-15448
-7265
4737
15411
21801
23143
19593
12476
5168
-2270
-8527
-13445
-16124
-16167
-14854
-13708
-12201
-12130
-12887
-13536
-14966
-15358
-14947
-14203
-12839
-11085
-10605
-11916
-15286
-19237
-20221
-16203
-5929
5920
14695
15885
9999
-1252
-11753
-16435
-11712
-1243
9894
15663
14439
5796
-5785
-15077
-19591
-19520
-16166
-11703
-9593
-9342
-10987
-13844
-15375
-16052
-15039
-12501
-7904
-1181
6170
12372
17415
19048
17292
12836
6040
-2038
-8998
-13498
-13807
-12283
-10618
-10917
-12356
-14906
-15868
-13514
-6946
2342
10307
13188
10204
3124
-5468
-12160
-15561
-15898
-13795
-11096
-8135
-7103
-8039
-10837
-13315
-15165
-14670
-10786
-5034
2088
8017
10438
9469
4444
-2778
-10314
-15100
-16844
-14871
-9507
-2654
3492
7718
8843
7590
3377
-2524
-8891
-13677
-15234
-13428
-8570
-2388
3137
6922
8349
6783
2417
-3158
-8076
-11804
-12752
-11148
-7808
-2872
1790
5457
7362
8234
7780
7013
6850
6829
7378
7603
6958
4777
1062
-3089
-6600
-8511
-8976
-7911
-5678
-2924
263
3193
5428
6558
6903
6363
5135
3412
1920
758
