10380
6408
1051
-3502
-5928
-5651
-3883
-1898
-404
719
1822
3210
4952
6388
7337
7919
8309
9821
11389
12668
13339
12000
10710
10490
12660
15423
18358
18581
14795
6114
-3330
-10256
-11785
-8855
-2472
3865
7843
8054
6246
3836
1879
671
-381
-1810
-3484
-4461
-4823
-5145
-6751
-9831
-13039
-14575
-12742
-5763
3430
11552
15244
12051
2745
-8092
-15507
-17774
-16146
-12814
-10723
-9761
-10426
-10651
-8852
-5390
-1481
1903
3679
3674
2180
0
-1453
-890
2033
5708
7208
4642
-1391
-8230
-11576
-9726
-1954
7839
14939
15018
7198
-4740
-15434
-21662
-22611
-18648
-11455
-4530
1877
6571
9507
10278
9088
7158
5447
3773
2649
1618
426
-942
-2410
-3731
-4833
-5495
-5677
-6277
-7943
-11243
-15354
-17265
-14617
-5588
5770
14674
16100
10195
-1273
-11809
-16172
-11178
-1139
8608
12778
10890
3974
-3533
-7992
-8706
-6918
-4217
-1925
-635
310
1459
3210
5064
6815
7768
7557
5436
904
-5163
-11149
-16686
-19180
-18109
-13844
-6648
2269
10039
14963
15070
13077
10916
10723
11457
12872
12562
9623
4344
-1247
-4471
-4358
-2276
-352
0
-1384
-3545
-5421
-6242
-6226
-5419
-5444
-6923
-10288
-13717
-16725
-17116
-13170
-6369
2713
10594
13909
12612
5864
-3598
-12985
-18287
-19400
-16079
-9507
-2411
2820
5386
5130
3455
1095
-474
-422
1310
3669
5190
4554
1611
-2554
-6572
-9008
-8150
-3180
4487
12242
18877
21297
19261
13830
5169
-3247
-9881
-13194
-14467
-13267
-11480
-10633
-9911
-9847
-9145
-7352
-4283
-769
1666
2274
1196
-641
-2291
-2909
-2158
254
3804
7683
10720
12755
13060
11538
8286
4985
2082
