-10380
-7541
-1477
6012
12847
16294
16337
14245
12353
11168
11504
12849
14612
14996
14350
13306
12261
12937
13562
13769
13339
11109
9224
8438
9539
10906
12195
11594
8660
3348
-1697
-4824
-5052
-3389
-815
1029
1450
594
-579
-1451
-1879
-2329
-3388
-4891
-6342
-6555
-6182
-6002
-7362
-10200
-13039
-14189
-12173
-5439
3217
10823
14335
11429
2637
-7912
-15507
-18269
-17152
-14155
-12403
-11916
-13564
-14941
-13589
-9232
-2906
4449
10907
15493
17379
15439
10212
2911
-4096
-7893
-7208
-3441
769
3354
3366
1881
214
-272
499
1459
1140
-1036
-4308
-7396
-9202
-8902
-6354
-2905
1391
5639
9507
12095
12776
12289
11805
10879
11145
12143
13024
14642
15215
14937
14260
12900
11103
10547
11722
14811
18283
18766
14617
5173
-4970
-11804
-12130
-7209
845
7369
9466
6120
580
-4049
-5478
-4168
-1311
940
1478
642
-641
-1596
-1925
-2206
-2755
-3944
-5843
-7440
-8735
-9064
-8240
-5639
-904
5026
10652
15748
17989
16966
13019
6304
-2180
-9817
-14963
-15490
-13892
-12059
-12403
-13988
-16747
-17622
-14772
-7441
2447
10455
12919
9598
2804
-4650
-9723
-11594
-10922
-8631
-6226
-4016
-3009
-2821
-2992
-2652
-1829
-594
440
619
-430
-2316
-3882
-4306
-2386
1717
7203
11730
14376
13800
9507
2838
-3965
-9247
-11119
-9962
-4605
3559
12911
20366
23167
20776
13438
3781
-4995
-11043
-13294
-10737
-3787
4878
12242
17475
18343
15493
10420
3655
-2157
-6165
-7723
-7920
-6760
-5400
-4558
-3793
-3248
-2434
-1359
-316
71
-631
-2274
-4154
-5692
-6191
-5296
-3170
325
4439
8377
11122
12755
12714
11023
7820
4676
1951
