10380
7329
1402
-5601
-11794
-14795
-14723
-12784
-11072
-10028
-10378
-11678
-13416
-13950
-13562
-12812
-12065
-13049
-14067
-14738
-14787
-12804
-11103
-10658
-12710
-15423
-18431
-18879
-15338
-6524
3692
11932
14555
11765
3589
-6254
-14496
-17588
-16923
-13956
-10702
-9358
-10453
-12190
-13208
-11680
-9596
-8228
-9010
-11243
-13039
-12949
-10188
-4192
2291
7140
8780
6509
1398
-3906
-7128
-7813
-6815
-5213
-4220
-3728
-3878
-3869
-3151
-1885
-510
648
1241
1231
728
0
-485
-298
686
1943
2484
1623
-495
-2990
-4305
-3715
-769
3189
6306
6602
3308
-2288
-7861
-11699
-13023
-11525
-7650
-3295
1501
5838
9507
11755
12128
11448
10837
9878
10044
10897
11674
13148
13726
13575
13093
12000
10493
10156
11534
14939
18963
20086
16203
5963
-5982
-14909
-16164
-10195
1278
11999
16766
11927
1263
-10014
-15782
-14469
-5770
5716
14772
19012
18743
15341
10964
8862
8499
9832
12169
13258
13559
12424
10085
6216
904
-4587
-8915
-12137
-12809
-11192
-7974
-3590
1155
4846
6878
6625
5520
4441
4220
4376
4788
4564
3425
1519
-430
-1522
-1470
-763
-117
0
-462
-1188
-1829
-2125
-2146
-1895
-1938
-2515
-3826
-5239
-6582
-6964
-5559
-2800
1247
5114
7084
6812
3378
-2224
-8672
-13302
-15512
-14285
-9507
-2758
3764
8615
10207
9045
4150
-3194
-11573
-18287
-20900
-18882
-12339
-3517
4721
10634
13081
10830
3928
-5220
-13570
-20142
-22079
-19569
-13885
-5169
3260
10039
13678
15436
14707
13355
13132
13169
14299
14798
13589
9353
2083
-6063
-12954
-16686
-17562
-15431
-11029
-5650
505
6085
10253
12260
12755
11603
9225
6027
3329
1287
