-10380
-7645
-1513
6198
13299
16895
16929
14722
12705
11409
11647
12866
14439
14589
13708
12446
11194
11487
11661
11409
10586
8382
6555
5580
5773
5902
5698
4416
2410
516
0
953
2333
2836
1155
-2517
-6994
-9884
-10839
-10017
-8493
-8120
-9825
-12310
-14229
-13339
-11549
-10384
-11863
-15376
-18440
-18858
-15217
-6394
3555
11222
13918
10357
2222
-6165
-11102
-11918
-10086
-7400
-5656
-4617
-4295
-3632
-2259
-789
0
-406
-2063
-4577
-7160
-8356
-7010
-2481
4283
10070
11227
6588
-1836
-10251
-13750
-11107
-2159
8424
15682
15458
7287
-4734
-15252
-21231
-22035
-18115
-11121
-4407
1836
6485
9507
10472
9504
7763
6226
4673
3753
3013
2122
1177
0
-1177
-2232
-3013
-3446
-4087
-5453
-8059
-11421
-13280
-11600
-4570
4861
12737
14409
9419
-1216
-11690
-16633
-11985
-1278
10164
15972
14526
5715
-5553
-13989
-17435
-16522
-12893
-8701
-6568
-5804
-6084
-6680
-6271
-5303
-3764
-2103
-669
0
-526
-2109
-4445
-6458
-7287
-6440
-3501
1334
6533
10712
11831
11244
10287
11100
13084
16320
17844
15507
8083
-2746
-12109
-15428
-11811
-3555
6076
13100
16129
15720
12893
9698
6568
5221
5284
6226
6488
6005
4416
2190
516
0
833
2177
2968
1857
-1448
-6424
-10904
-13787
-13553
-9507
-2877
4059
9533
11510
10330
4772
-3678
-13279
-20804
-23456
-20804
-13279
-3678
4772
10330
12137
9533
3256
-4041
-9715
-13185
-13036
-10245
-6307
-1978
1008
2348
2149
1221
0
-1067
-2105
-3174
-4601
-5954
-6557
-5256
-1334
4352
10280
14479
16506
15583
11881
6452
-608
-7679
-13500
-16766
-18038
-16897
-13778
-9194
-5166
-2023
