10380
7383
1422
-5709
-12075
-15205
-15178
-13210
-11462
-10393
-10761
-12108
-13903
-14440
-14015
-13213
-12409
-13378
-14369
-14992
-14971
-12896
-11118
-10605
-12560
-15127
-17930
-18206
-14652
-6170
3453
11031
13289
10598
3187
-5468
-12464
-14855
-14022
-11326
-8493
-7249
-7887
-8938
-9387
-8021
-6345
-5218
-5453
-6457
-7057
-6547
-4761
-1785
873
2370
2444
1428
215
-318
0
720
1346
1665
1949
2354
3245
4223
4463
3482
1248
-2164
-5987
-9581
-12106
-12130
-9076
-2940
4733
10525
11227
6362
-1726
-9441
-12485
-9996
-1935
7559
14147
14081
6733
-4455
-14686
-21014
-22529
-19231
-12328
-5133
2263
8521
13445
16112
16119
14755
13546
11976
11808
12422
12899
14076
14232
13625
12712
11261
9509
8879
9717
12112
14776
15016
11600
4080
-3903
-9248
-9505
-5664
668
5874
7645
5033
489
-3529
-4997
-4055
-1403
1173
2456
2403
1602
666
0
-397
-775
-1369
-2302
-3197
-4006
-4377
-4155
-2952
-489
2805
6120
9304
10920
10579
8338
4148
-1474
-6828
-10712
-11425
-10569
-9475
-10079
-11775
-14631
-16011
-13989
-7363
2537
11396
14855
11691
3634
-6450
-14521
-18785
-19371
-16942
-13715
-10105
-8855
-10043
-13546
-16629
-18894
-18206
-13313
-6170
2537
9640
12399
11091
5124
-3145
-11447
-16388
-17836
-15324
-9507
-2568
3259
6922
7593
6212
2622
-1848
-6104
-8737
-8976
-7223
-4155
-1027
1171
2181
2131
1314
316
-209
0
797
1740
2305
2173
1008
-761
-2731
-4246
-5385
-5698
-5692
-6109
-6643
-7780
-8644
-8490
-6228
-1474
4548
10280
13982
15514
14352
10788
5806
-545
-6890
-12179
-15273
-16665
-15902
-13267
-9100
-5282
-2147
