-10380
-6996
-1280
4892
9870
11877
11347
9467
7884
6871
6846
7421
8217
8237
7723
7039
6396
6675
6944
7021
6797
5678
4748
4394
5050
5902
6788
6687
5219
2130
-1155
-3572
-4161
-3205
-930
1535
3361
3836
3455
2652
1879
1505
1522
1584
1503
1133
763
503
377
242
0
-297
-484
-310
235
953
1470
1333
344
-1142
-2456
-3155
-3215
-2872
-2718
-2816
-3457
-4106
-4030
-2958
-1008
1674
4467
6931
8529
8356
6133
1954
-3103
-6821
-7208
-4054
1093
5957
7855
6282
1216
-4756
-8924
-8916
-4283
2851
9464
13652
14769
12734
8254
3479
-1554
-5935
-9507
-11580
-11786
-10989
-10288
-9285
-9357
-10072
-10716
-11998
-12463
-12275
-11800
-10787
-9416
-9105
-10338
-13397
-17028
-18071
-14617
-5398
5437
13615
14841
9419
-1189
-11246
-15845
-11374
-1216
9744
15529
14409
5820
-5844
-15322
-20023
-20061
-16703
-12154
-10012
-9796
-11574
-14648
-16337
-17126
-16107
-13438
-8527
-1278
6700
13474
19020
20858
18982
14123
6660
-2252
-9959
-14963
-15327
-13653
-11814
-12158
-13771
-16621
-17700
-15077
-7749
2612
11492
14697
11363
3475
-6076
-13493
-17241
-17582
-15226
-12220
-8938
-7784
-8785
-11805
-14457
-16406
-15811
-11577
-5380
2222
8489
10996
9921
4630
-2877
-10613
-15435
-17099
-14986
-9507
-2633
3435
7525
8542
7261
3198
-2365
-8240
-12530
-13787
-11999
-7557
-2077
2689
5842
6934
5540
1939
-2487
-6237
-8932
-9443
-8069
-5517
-1978
1201
3556
4654
5040
4601
3998
3754
3588
3703
3632
3151
2040
425
-1152
-2274
-2683
-2557
-2005
-1255
-548
40
372
429
264
0
-266
-438
-445
-341
-172
