-10380
-5909
-849
2246
2335
0
-2785
-4679
-5840
-6727
-8236
-10441
-13025
-14269
-14236
-13472
-12409
-12812
-12843
-12138
-10586
-7586
-5063
-3300
-1989
0
2885
5846
6994
3865
-2643
-9827
-13289
-11552
-3692
6576
15217
17991
16430
12478
8493
6277
5513
4461
2498
0
-1900
-3300
-5453
-9066
-13039
-15304
-13727
-6254
3692
12147
15428
11552
2447
-6559
-11102
-10786
-7791
-4376
-1949
0
2174
4808
6557
5913
2306
-4182
-11750
-18648
-22884
-21834
-15252
-4517
6493
12544
11227
5092
-1030
-3715
-2414
0
355
-2677
-7208
-9114
-5153
3842
13759
20765
22884
19608
12328
4916
-2022
-6899
-9507
-9478
-7340
-4591
-2146
0
1900
3988
6157
8819
10893
12138
12712
12274
11015
10679
11863
14669
17313
16543
11600
3533
-2728
-4616
-2530
0
-200
-3715
-7645
-7066
-904
8248
14409
14207
5935
-6010
-15507
-19447
-18197
-13717
-8701
-5944
-4483
-3598
-2302
0
2684
4983
6104
5012
904
-5421
-12011
-18109
-20642
-19041
-14011
-6373
2022
8138
10712
9145
6310
3728
1949
0
-2684
-5671
-7128
-4766
1942
9827
13918
11552
3692
-6576
-14521
-17991
-17313
-13717
-9698
-5944
-4033
-3125
-2146
0
3040
5846
6355
3865
-1942
-8588
-12399
-12090
-5935
3783
13975
19847
20900
16883
9507
2224
-2278
-3455
-2021
0
785
-1169
-6104
-12266
-16586
-16883
-11980
-3598
4956
11181
13454
10634
3586
-4300
-9715
-11933
-10068
-6059
-2173
0
-510
-3108
-6237
-9145
-10529
-11000
-11990
-12931
-14707
-15559
-14266
-9567
-2022
5421
10280
11192
9263
5648
2086
0
100
2440
6205
9885
12755
13712
12429
8993
5365
2189
