-10380
-6940
-1258
4764
9514
11321
10688
8803
7230
6208
6086
6482
7043
6916
6341
5640
4990
5058
5095
4971
4626
3698
2943
2574
2774
3009
3170
2812
1931
670
-293
-667
-468
-95
59
-258
-967
-1632
-2023
-2053
-1879
-1919
-2463
-3260
-3971
-3919
-3571
-3380
-4069
-5565
-7057
-7649
-6560
-2939
1749
5935
7951
6428
1508
-4610
-9229
-11133
-10729
-9113
-8238
-8189
-9672
-11088
-10529
-7493
-2480
4008
10420
15772
18956
18154
13038
4068
-6330
-13646
-14147
-7810
2069
11071
14348
11279
2147
-8260
-15247
-14988
-7086
4643
15168
21538
22938
19472
12426
5156
-2267
-8525
-13445
-16120
-16151
-14821
-13654
-12126
-12023
-12731
-13322
-14667
-14979
-14502
-13700
-12305
-10551
-10019
-11167
-14203
-17710
-18433
-14617
-5290
5220
12798
13654
8477
-1046
-9670
-13307
-9323
-972
7594
11789
10646
4182
-4080
-10383
-13157
-12769
-10286
-7233
-5750
-5421
-6162
-7490
-8007
-8030
-7207
-5725
-3448
-489
2418
4566
6026
6145
5168
3528
1513
-460
-1807
-2370
-2071
-1525
-1041
-782
-556
-270
144
493
446
-215
-1238
-1958
-1806
-643
1283
3207
4560
5127
4858
4238
3351
3140
3797
5447
7098
8549
8720
6744
3303
-1435
-5758
-7822
-7391
-3608
2342
9019
13677
15786
14404
9507
2737
-3711
-8445
-9953
-8780
-4013
3078
11120
17531
20000
18045
11782
3357
-4506
-10154
-12501
-10363
-3765
5014
13067
19451
21392
19030
13557
5070
-3213
-9948
-13631
-15478
-14844
-13576
-13450
-13596
-14888
-15547
-14415
-10022
-2256
6641
14359
18731
19979
17804
12916
6721
-611
-7491
-12860
-15685
-16665
-15502
-12622
-8458
-4801
-1910
