10380
7053
1301
-5017
-10217
-12413
-11980
-10102
-8507
-7500
-7564
-8305
-9318
-9472
-9012
-8340
-7700
-8173
-8654
-8914
-8800
-7504
-6413
-6072
-7148
-8569
-10124
-10261
-8255
-3480
1953
6265
7592
6101
1852
-3213
-7422
-8983
-8629
-7110
-5453
-4773
-5343
-6250
-6799
-6044
-4997
-4318
-4770
-6014
-7057
-7102
-5671
-2373
1321
4204
5291
4025
890
-2566
-4852
-5533
-5046
-4058
-3476
-3275
-3668
-3988
-3592
-2425
-761
1167
2877
4127
4698
4260
2894
853
-1253
-2546
-2484
-1288
320
1600
1934
1413
249
-883
-1494
-1338
-572
335
970
1200
1091
770
392
122
-36
-67
0
127
254
350
431
479
572
709
852
1060
1209
1295
1343
1315
1224
1255
1505
2053
2738
3040
2566
987
-1033
-2684
-3030
-1989
259
2530
3674
2715
298
-2458
-4022
-3829
-1586
1631
4380
5859
6005
5113
3802
3201
3198
3858
4984
5672
6066
5818
4949
3201
489
-2613
-5354
-7699
-8600
-7972
-6040
-2900
999
4496
6878
7172
6504
5729
6002
6920
8502
9217
7992
4182
-1435
-6428
-8370
-6589
-2052
3653
8264
10755
11173
9858
8062
6008
5333
6135
8406
10497
12149
11943
8923
4231
-1784
-6957
-9203
-8481
-4044
2568
9686
14404
16323
14640
9507
2696
-3603
-8090
-9416
-8210
-3711
2818
10085
15761
17836
15974
10359
2934
-3916
-8780
-10763
-8888
-3219
4275
11115
16518
18145
16130
11490
4298
-2726
-8451
-11600
-13202
-12696
-11648
-11582
-11757
-12934
-13575
-12657
-8853
-2006
5946
12954
17033
18322
16475
12066
6342
-583
-7223
-12544
-15487
-16665
-15710
-12970
-8819
-5081
-2054
