10380
6708
1169
-4226
-7998
-8936
-7831
-5904
-4357
-3279
-2719
-2319
-1832
-1060
-226
529
1182
2003
2923
3845
4626
4657
4589
4923
6473
8569
11072
12172
10546
4758
-2842
-9656
-12335
-10406
-3303
5972
14325
17944
17786
15078
11863
10623
12130
14437
15938
14338
11963
10403
11534
14552
17036
17052
13501
5580
-3058
-9539
-11717
-8656
-1848
5119
9229
9954
8502
6330
4948
4176
4087
3751
2706
1339
256
-122
414
1692
3265
4260
3840
1432
-2576
-6270
-7208
-4351
1246
7143
9837
8161
1630
-6543
-12546
-12755
-6214
4179
13972
20237
21920
18872
12181
5099
-2256
-8515
-13445
-16100
-16071
-14656
-13385
-11752
-11489
-11962
-12272
-13204
-13135
-12342
-11273
-9748
-8009
-7249
-7656
-9163
-10668
-10270
-7448
-2430
2124
4504
4022
1989
-180
-1037
-529
283
100
-1357
-3030
-3601
-1767
2080
6235
9140
10119
9197
7233
6385
6645
8298
11037
12870
14040
13682
11782
7687
1181
-6322
-12945
-18549
-20588
-18909
-14158
-6700
2267
10007
14963
15211
13406
11445
11583
12861
15165
15721
12986
6445
-2088
-8789
-10693
-7816
-2244
3653
7484
8720
7996
6118
4238
2592
1801
1504
1291
666
-305
-1336
-1754
-1181
641
3041
4714
4957
2644
-1848
-7582
-12133
-14666
-13923
-9507
-2818
3916
9097
10907
9755
4506
-3484
-12650
-19993
-22808
-20529
-13339
-3774
5017
11172
13561
11057
3941
-5137
-13067
-18935
-20213
-17400
-11957
-4298
2608
7700
10015
10740
9670
8249
7564
7013
6968
6514
5317
3184
599
-1410
-2274
-1941
-961
144
837
821
-110
-1783
-3813
-5572
-6903
-7337
-6720
-5004
-3123
-1355
