10380
7944
1609
-6671
-14333
-18062
-17792
-15073
-12554
-10767
-10378
-10674
-10966
-9922
-8102
-6116
-4256
-2939
-1356
471
2342
3601
4429
5436
7794
10906
14570
16282
14139
6315
-3692
-12141
-14848
-11854
-3517
5859
12742
14189
12195
8669
5453
3617
2649
1359
-502
-2259
-3388
-4241
-6114
-9453
-13039
-14947
-13261
-6035
3589
11997
15612
12093
2680
-7628
-13989
-15178
-12872
-9365
-7002
-5477
-4708
-3394
-1359
316
510
-1442
-5237
-9981
-14200
-15439
-12201
-4088
6688
14890
15682
8659
-2260
-11733
-14520
-10712
-1877
6499
10500
8715
3308
-1609
-3369
-2055
728
3067
3482
2053
-1155
-5227
-9507
-12741
-13917
-13636
-13170
-12060
-12138
-12849
-13236
-14116
-13726
-12409
-10702
-8535
-6269
-4848
-4069
-3365
-1829
642
2566
1677
-2386
-7604
-9912
-7209
1010
10348
15455
11545
1263
-10190
-16100
-14579
-5654
5355
12986
15338
13506
9530
5586
3426
2154
1096
-462
-2564
-4788
-6404
-6844
-5227
-904
5294
11603
17475
20069
18807
14179
6671
-2215
-9465
-13498
-12869
-10426
-7979
-7002
-6429
-5813
-4003
-1478
255
-430
-3389
-6203
-6183
-2291
4650
11617
16282
17833
16282
13546
10108
8843
9869
12904
15107
16071
14189
9257
3696
-1247
-3596
-3036
-1196
189
-592
-3948
-8288
-11940
-12790
-9507
-2989
4319
10261
12405
11043
5015
-3766
-13121
-19634
-20900
-17260
-10085
-2502
2820
5076
4614
2439
379
167
2149
5664
8808
9981
8514
3655
-2577
-8658
-12609
-14941
-14707
-13590
-13397
-13269
-14010
-13863
-11946
-7546
-1501
3766
6600
6450
4451
1720
-419
-1092
178
3136
6958
10308
12755
13393
12007
8678
5216
2162
