10380
8040
1638
-6800
-14566
-18231
-17766
-14826
-12103
-10114
-9423
-9268
-8960
-7434
-5306
-3145
-1182
635
2701
4860
6797
7421
7634
8334
10946
14249
17861
18802
15399
6478
-3555
-10908
-12335
-8984
-2383
3436
6119
4992
2311
-242
-1879
-3140
-5171
-7927
-10561
-10979
-10253
-9733
-11534
-15270
-18440
-18728
-14795
-5993
3156
9236
10330
6669
1169
-2384
-2456
-288
2151
3737
4948
6304
8859
11508
11946
9034
3102
-5092
-13181
-19490
-22441
-20172
-13291
-3706
4989
8916
7208
2806
-425
-566
1452
2807
836
-4292
-9731
-11135
-5896
4197
14529
21380
23123
19548
12181
4835
-1989
-6819
-9507
-9682
-7789
-5252
-2992
-958
763
2617
4594
7021
9055
10441
11273
11211
10369
10384
11958
15406
19087
19346
14617
4917
-4380
-9340
-8232
-3901
318
1319
-529
-2067
-395
4485
9090
10054
4630
-5125
-14409
-19723
-20262
-16953
-12154
-9666
-8934
-9733
-11037
-10643
-9195
-6636
-3751
-1202
0
-944
-3761
-7836
-11198
-12366
-10641
-5600
2054
9615
14963
15557
13789
11637
11433
12075
13222
12350
8825
3567
-849
-2088
-491
1333
930
-2517
-7484
-11827
-14165
-13872
-12220
-9568
-8725
-10102
-13654
-16487
-18067
-16431
-11060
-4576
1614
4967
4714
2578
377
297
3087
7376
11300
12530
9507
3025
-4397
-10459
-12606
-11146
-5008
3704
12650
18443
18976
14986
8240
1874
-1847
-2610
-1282
527
754
-1721
-6237
-11674
-15182
-15303
-11957
-4775
3159
9999
13732
15327
14161
12210
11129
10056
9491
8130
5736
2654
284
105
2274
5599
8687
10034
8818
5310
-540
-7197
-13126
-16650
-18038
-16780
-13396
-8618
-4586
-1665
