-10380
-5781
-796
1918
1405
-1435
-4427
-6231
-7230
-7964
-9423
-11590
-14038
-14913
-14385
-13100
-11531
-11260
-10507
-9008
-6797
-3795
-1398
503
2774
5902
9881
12731
12173
5812
-3555
-12026
-14907
-11894
-3475
5607
11557
11827
8884
4996
1879
-168
-2276
-5103
-8129
-9377
-9357
-9276
-11301
-15194
-18440
-18635
-14496
-5712
2880
7889
7951
4294
515
-127
2456
5944
8267
8855
9345
10287
12923
15236
14436
9959
3102
-4568
-10420
-13196
-12415
-8356
-3369
-224
-913
-4559
-7208
-5202
1655
10048
14163
11690
2265
-8611
-15247
-13924
-5896
3305
8680
8985
5762
1538
-1175
-1364
966
4903
9507
13193
14630
14331
13654
12173
11762
11763
11217
10774
9055
6601
3980
1416
-700
-2493
-4770
-8468
-13302
-16352
-14617
-5745
5962
14922
15782
9419
-1079
-8892
-10322
-5626
-395
1436
-508
-3029
-2212
3140
10383
15958
17897
16041
12154
10112
9699
10893
12665
12461
10938
7989
4554
1466
0
1152
4566
9434
13322
14479
12210
6268
-2230
-10058
-14963
-14720
-12180
-9416
-8238
-7400
-6317
-3721
-493
1142
-849
-5684
-9574
-8984
-3156
6076
14348
18896
19278
16205
12220
8087
6081
5552
5447
3958
1220
-2076
-3905
-2893
1614
7623
11510
11586
5820
-3771
-14086
-20129
-21224
-17073
-9507
-2175
2136
2950
1216
-877
-1248
1557
7557
14522
18976
18740
12911
3760
-5008
-10872
-12501
-9345
-2934
3191
6237
5970
2780
-924
-3030
-1978
1747
6770
10856
13751
14161
13461
13450
13314
13845
13266
10834
6290
1093
-2170
-2274
299
3823
6460
6788
4535
-493
-6860
-12860
-16567
-18038
-16697
-13125
-8213
-4185
-1422
