49933
33107
5948
-22289
-44006
-51708
-48131
-39026
-31500
-26521
-25437
-26434
-27929
-26569
-23487
-20026
-16862
-16117
-15125
-13524
-11266
-7781
-5049
-3226
-1921
0
2786
5714
6975
3965
-2813
-10949
-15651
-14531
-5016
9775
25105
33498
35229
31590
26231
24748
29737
37214
43179
40823
35805
32744
38209
50789
62724
66334
55592
24375
-14207
-47272
-62147
-49335
-11372
34178
67295
79875
75759
63342
56385
55196
64206
72496
67806
47533
15495
-24669
-63157
-94138
-111399
-105032
-74246
-22800
34900
74000
75437
40937
-10656
-56016
-71287
-55002
-10273
38749
70096
67490
31235
-20019
-63938
-88682
-92182
-76310
-47444
-19159
8190
29904
45733
53099
51436
45558
40437
34525
32836
33267
33210
34770
33643
30730
27256
22855
18173
15874
16120
18451
20391
18432
12345
3624
-2720
-4512
-2444
0
-193
-3631
-7624
-7248
-962
9190
16970
17871
8065
-8935
-25584
-36211
-39017
-34727
-26873
-23437
-24179
-30015
-39784
-46337
-50594
-49444
-42771
-28082
-4349
23497
48642
70576
79439
74103
56441
27215
-9398
-42405
-64931
-67724
-61361
-53961
-56385
-64791
-79270
-85503
-73708
-38311
13049
57971
74806
58316
17972
-31634
-70690
-90818
-93059
-80919
-65164
-47787
-41701
-47120
-63356
-77570
-87948
-84607
-61798
-28623
11772
44747
57620
51633
23908
-14723
-53781
-77349
-84639
-73178
-45733
-12457
15962
34284
38085
31614
13567
-9751
-32923
-48361
-51226
-42742
-25686
-6699
8176
16620
18281
13376
4224
-4791
-10339
-12241
-10040
-5923
-2099
0
-493
-3038
-6220
-9381
-11205
-12256
-14121
-16265
-19984
-23129
-23535
-17814
-4336
13724
31750
44127
49961
47108
36055
19746
-1885
-24215
-43482
-55381
-61358
-59436
-50336
-35047
-20647
-8520
