10380
6766
1192
-4364
-8389
-9555
-8576
-6661
-5109
-4045
-3599
-3406
-3189
-2580
-1807
-1057
-395
212
905
1646
2342
2617
2774
3140
4308
5902
7851
8852
7843
3610
-2197
-7595
-9863
-8453
-2725
5001
12173
15477
15569
13397
10702
9733
11291
13659
15335
14039
11929
10572
11958
15406
18440
18896
15338
6510
-3672
-11811
-15000
-11492
-2554
7389
13989
15940
14489
11587
9844
9174
10132
10828
9552
6290
1917
-2838
-6713
-9175
-9865
-8356
-5231
-1396
1812
3144
2484
951
-143
-189
485
943
284
-1490
-3464
-4091
-2252
1679
6133
9606
11162
10245
7016
3104
-1447
-5739
-9507
-11926
-12458
-11881
-11343
-10411
-10642
-11590
-12447
-14035
-14651
-14472
-13923
-12714
-11065
-10646
-12005
-15422
-19393
-20325
-16203
-5886
5820
14278
15215
9419
-1157
-10625
-14495
-10048
-1034
7957
12130
10728
4113
-3903
-9623
-11758
-10943
-8401
-5586
-4162
-3635
-3772
-4105
-3826
-3215
-2272
-1265
-402
0
-316
-1269
-2683
-3916
-4445
-3958
-2170
836
4140
6878
7709
7447
6937
7635
9197
11747
13178
11777
6327
-2222
-10152
-13445
-10735
-3382
6076
13833
18080
18821
16603
13546
10052
8865
10112
13708
16903
19278
18635
13661
6343
-2612
-9930
-12771
-11416
-5266
3226
11703
16688
18073
15435
9507
2546
-3198
-6713
-7261
-5842
-2417
1664
5340
7376
7248
5507
2933
650
-629
-877
-428
176
253
-583
-2149
-4117
-5515
-5766
-4706
-1978
1389
4707
6994
8542
8752
8501
8899
9462
10855
11831
11412
8230
1916
-5820
-12954
-17354
-18970
-17291
-12805
-6790
628
7818
13608
16799
18038
16931
13888
9361
5336
2129
