-10380
-7275
-1383
5490
11500
14361
14235
12318
10639
9614
9931
11160
12810
13314
12944
12234
11531
12486
13483
14156
14238
12365
10757
10364
12410
15127
18165
18706
15285
6542
-3726
-12128
-14907
-12146
-3737
6571
15376
18846
18329
15286
11863
10505
11892
14065
15468
13896
11607
10130
11301
14384
17036
17301
13940
5883
-3303
-10598
-13445
-10307
-2295
6670
12702
14588
13392
10841
9345
8859
9981
10915
9887
6711
2118
-3263
-8083
-11650
-13322
-12130
-8274
-2449
3611
7363
7208
3750
-934
-4688
-5681
-4161
-735
2612
4430
3974
1701
-1000
-2894
-3585
-3265
-2305
-1175
-365
107
201
0
-380
-762
-1049
-1291
-1435
-1711
-2119
-2541
-3158
-3596
-3845
-3980
-3892
-3612
-3696
-4422
-6014
-7996
-8851
-7448
-2854
2977
7705
8665
5664
-735
-7143
-10322
-7590
-830
6802
11070
10480
4315
-4414
-11777
-15653
-15938
-13478
-9955
-8319
-8253
-9881
-12665
-14298
-15165
-14424
-12165
-7800
-1181
6249
12683
18062
19975
18326
13740
6527
-2223
-9896
-14963
-15421
-13815
-12020
-12433
-14151
-17158
-18350
-15693
-8095
2738
12083
15497
12012
3682
-6450
-14348
-18359
-18743
-16244
-13044
-9542
-8309
-9373
-12587
-15398
-17450
-16787
-12266
-5686
2342
8918
11510
10343
4805
-2971
-10902
-15761
-17349
-15100
-9507
-2611
3377
7328
8234
6922
3013
-2199
-7557
-11320
-12256
-10481
-6477
-1744
2207
4681
5410
4197
1423
-1761
-4246
-5817
-5852
-4727
-3030
-1008
561
1496
1722
1586
1168
747
423
107
-234
-611
-907
-868
-249
892
2274
3421
4137
4127
3316
1896
-188
-2499
-4630
-6068
-6903
-6853
-5940
-4226
-2542
-1070
