-10380
-7746
-1546
6370
13698
17392
17372
15021
12857
11421
11504
12501
13754
13575
12406
10899
9424
9222
8834
8039
6797
4751
3111
2001
1197
0
-1735
-3545
-4298
-2421
1697
6509
9141
8315
2804
-5320
-13261
-17116
-17350
-14939
-11863
-10658
-12138
-14324
-15585
-13731
-11145
-9358
-9934
-11884
-13039
-12058
-8660
-3168
1484
3754
3407
1522
86
509
2456
4564
5813
6030
6342
7091
9192
11342
11412
8493
2906
-4806
-12664
-19261
-23066
-21834
-15373
-4665
6998
14417
14147
7315
-1794
-8764
-10205
-7066
-1155
3689
5378
3856
1140
-298
485
2737
5054
6059
4957
2490
-1276
-5436
-9507
-12424
-13373
-13020
-12587
-11613
-11851
-12804
-13556
-14974
-15215
-14532
-13423
-11678
-9599
-8639
-9010
-10558
-11910
-10957
-7448
-2213
1676
2799
1522
0
120
2253
4698
4426
580
-5463
-9912
-10226
-4507
4863
13514
18502
19215
16422
12154
10093
9869
11553
14359
15586
15749
14130
11120
6571
904
-4271
-7577
-9173
-8300
-5884
-3095
-840
71
-632
-2370
-3869
-4708
-5137
-6342
-8324
-11348
-13377
-12406
-6846
2447
11294
15000
11932
3721
-6576
-14637
-18581
-18660
-15764
-12220
-8539
-7019
-7372
-9070
-9966
-9891
-8054
-4742
-1635
430
667
-437
-1593
-1311
1169
5619
10053
13184
13302
9507
2915
-4150
-9798
-11855
-10634
-4897
3753
13438
20827
23167
20213
12650
3423
-4319
-9045
-10218
-7654
-2467
2848
6237
7474
6187
3674
1307
0
307
1885
3833
5728
6760
7285
8247
9307
11169
12588
12432
9102
2136
-6490
-14359
-19003
-20393
-18132
-13013
-6642
587
6920
11305
12958
12755
10804
7841
4555
2157
677
