-10380
-7436
-1441
5813
12345
15592
15599
13597
11806
10705
11077
12449
14267
14780
14300
13430
12558
13470
14385
14913
14787
12638
10802
10207
11965
14249
16685
16718
13261
5496
-3024
-9480
-11187
-8723
-2559
4271
9443
10877
9881
7642
5453
4394
4470
4677
4455
3370
2276
1505
1130
727
0
-891
-1450
-927
700
2836
4358
3935
1011
-3336
-7128
-9092
-9195
-8143
-7635
-7835
-9514
-11173
-10834
-7851
-2638
4320
11351
17329
20964
20172
14529
4539
-7058
-15183
-15682
-8611
2265
12021
15424
11985
2252
-8534
-15495
-14956
-6931
4442
14172
19608
20303
16719
10323
4134
-1749
-6307
-9507
-10852
-10306
-8921
-7709
-6380
-5850
-5678
-5386
-5303
-4760
-3959
-3112
-2219
-1398
-838
-377
242
1220
2244
2566
1219
-1494
-4392
-5478
-3901
544
5626
8572
6600
751
-6374
-10694
-10396
-4380
4570
12406
16730
17243
14728
10964
9217
9181
11017
14129
15935
16856
15964
13385
8518
1278
-6693
-13420
-18851
-20529
-18515
-13623
-6339
2110
9168
13498
13515
11735
9871
9844
10769
12509
12771
10383
5069
-1614
-6669
-7951
-5684
-1591
2517
4980
5562
4832
3438
2146
1110
558
159
-431
-1330
-2435
-3252
-3054
-1735
849
3752
5527
5593
2895
-1977
-7953
-12530
-14952
-14045
-9507
-2798
3866
8941
10684
9533
4397
-3397
-12339
-19521
-22308
-20129
-13121
-3727
4978
11146
13615
11179
4017
-5283
-13570
-19881
-21481
-18741
-13071
-4775
2951
8890
11826
13004
12046
10611
10094
9764
10193
10105
8852
5784
1216
-3320
-6600
-7836
-7511
-5920
-3720
-1630
120
1113
1286
792
0
-798
-1313
-1332
-1018
-511
