-10380
-8225
-1692
7011
14859
18231
17241
13799
10639
8218
6846
5678
4078
1646
-905
-3145
-4990
-7396
-9867
-11998
-13339
-12336
-11065
-10667
-12410
-14249
-15569
-13991
-9443
-3077
1155
1711
-468
-2463
-1376
3436
10188
14763
16159
14592
11863
10677
11929
13506
13745
10979
7741
5291
4069
2652
0
-3252
-5219
-3258
2383
9236
13445
11363
2698
-8107
-15507
-17361
-15037
-11052
-8238
-6304
-5117
-3155
-454
1417
1008
-2419
-8083
-14503
-19562
-20172
-15070
-4744
7230
14820
14147
6928
-1554
-6600
-6129
-2807
-143
-951
-4430
-6821
-4283
3410
12772
19900
22441
19548
12426
4986
-2054
-6977
-9507
-9272
-6884
-3921
-1291
958
3020
5311
7623
10441
12463
13473
13700
12828
11130
10384
11023
12891
14165
12277
7448
1767
-753
704
3528
3901
-685
-8091
-13307
-10625
-1216
10093
16164
14628
5587
-5125
-11777
-12785
-9839
-5492
-1925
159
1850
4116
7490
10643
13222
14007
12650
8401
1278
-6601
-12683
-16540
-16103
-12366
-7221
-2368
425
158
-2370
-5040
-6696
-7543
-9345
-12075
-15955
-17970
-15693
-8027
2612
10735
12342
8175
2003
-2517
-3207
-891
2435
4985
6226
6072
6475
8453
12587
16487
19393
18802
13442
5906
-2222
-7387
-7822
-5231
-1494
297
-1332
-5507
-9987
-11999
-9507
-3095
4540
10784
12860
11146
4860
-3448
-11120
-14986
-13787
-9181
-3751
-415
-315
-2610
-5410
-6138
-2755
4250
12242
19405
22003
19586
13557
4775
-2754
-7440
-8421
-7281
-4601
-1916
423
2757
5481
8130
9552
7851
1989
-6339
-14359
-19039
-20041
-17096
-11478
-5310
407
3913
4630
2891
0
-2914
-4725
-4685
-3462
-1665
