10380
6882
1236
-4633
-9148
-10749
-10005
-8113
-6548
-5513
-5288
-5495
-5806
-5523
-4882
-4163
-3505
-3350
-3144
-2811
-2342
-1618
-1050
-671
-399
0
579
1188
1450
824
-585
-2276
-3253
-3021
-1043
2032
5219
6964
7323
6567
5453
5145
6182
7736
8976
8486
7443
6807
7943
10558
13039
13790
11557
5067
-2953
-9827
-12919
-10256
-2364
7105
13989
16604
15749
13167
11721
11474
13347
15070
14096
9881
3221
-5128
-13129
-19569
-23158
-21834
-15434
-4740
7255
15383
15682
8510
-2215
-11645
-14819
-11434
-2136
8055
14572
14030
6493
-4162
-13291
-18435
-19163
-15863
-9863
-3983
1703
6216
9507
11038
10693
9471
8406
7177
6826
6915
6904
7228
6994
6388
5666
4751
3778
3300
3351
3836
4239
3832
2566
753
-565
-938
-508
0
-40
-755
-1585
-1507
-200
1910
3528
3715
1676
-1857
-5318
-7527
-8111
-7219
-5586
-4872
-5026
-6240
-8270
-9633
-10518
-10278
-8891
-5838
-904
4884
10112
14671
16514
15404
11733
5657
-1954
-8815
-13498
-14078
-12756
-11217
-11721
-13469
-16479
-17774
-15322
-7964
2713
12051
15551
12123
3736
-6576
-14695
-18879
-19345
-16821
-13546
-9934
-8669
-9795
-13170
-16125
-18283
-17588
-12847
-5950
2447
9302
11978
10733
4970
-3061
-11180
-16079
-17595
-15212
-9507
-2590
3318
7127
7917
6572
2820
-2027
-6844
-10053
-10649
-8885
-5340
-1393
1700
3455
3800
2781
878
-996
-2149
-2545
-2087
-1231
-436
0
-102
-632
-1293
-1950
-2329
-2548
-2935
-3381
-4154
-4808
-4893
-3703
-901
2853
6600
9173
10386
9793
7495
4105
-392
-5034
-9039
-11513
-12755
-12356
-10464
-7286
-4292
-1771
