-10380
-6162
-952
2887
4164
2861
559
-1425
-2806
-3876
-5288
-7254
-9668
-11254
-11921
-12003
-11821
-13147
-14350
-14996
-14787
-12394
-10235
-9192
-10048
-10906
-11302
-9629
-6119
-1835
585
382
-1404
-2650
-1266
2985
8660
12510
13832
12756
10702
10047
11851
14374
15961
14260
11662
9800
10338
12187
13039
11594
7843
2612
-1043
-1900
-491
1143
599
-2746
-7128
-10315
-11348
-10623
-10304
-10750
-13077
-15184
-14379
-10054
-3221
4964
12103
16877
18307
15439
9464
2417
-2894
-4326
-2484
-272
-214
-2623
-5227
-5458
-1276
5729
11910
12824
6493
-4468
-15070
-21737
-23158
-19367
-11986
-4744
1954
6738
9507
9883
8231
5901
3826
1910
381
-1215
-2959
-5082
-6994
-8433
-9435
-9681
-9224
-9515
-11301
-15052
-19345
-20438
-16203
-5772
5515
12858
12778
7209
-784
-6120
-6688
-3354
-200
320
-1522
-3259
-2035
2729
8825
13523
15319
14023
10964
9515
9636
11593
14706
16186
16479
14799
11573
6738
904
-4107
-6862
-7562
-5831
-2979
-446
631
-495
-3407
-6878
-8746
-9192
-9050
-10304
-12618
-16146
-17909
-15631
-8104
2713
11664
14335
10455
2953
-4650
-9011
-9629
-7717
-4730
-2146
-318
836
2206
4646
7697
10922
12510
10500
5439
-2447
-9988
-13581
-12656
-6006
3736
13587
19152
20190
16489
9507
2319
-2554
-4440
-3604
-1749
-158
-356
-2933
-7069
-10649
-11730
-8891
-2838
4150
9962
12816
10912
4007
-5312
-13570
-19496
-20354
-16877
-10977
-3655
1999
5121
5456
4341
2329
427
-1266
-2966
-5044
-7064
-8118
-6652
-1703
5542
12954
17915
19911
18195
13328
6897
-614
-7247
-11765
-13289
-12755
-10388
-7101
-3755
-1515
-342
