-10380
-7489
-1459
5914
12602
15956
15986
13942
12103
10964
11326
12696
14503
14966
14412
13461
12508
13322
14114
14502
14238
12037
10164
9476
10946
12824
14746
14480
11231
4539
-2427
-7369
-8383
-6265
-1749
2753
5671
5987
4866
3246
1879
1088
572
-113
-1003
-1697
-2088
-2411
-3351
-5110
-7057
-8188
-7422
-3480
2149
7520
10330
8521
2031
-6287
-12702
-15416
-14906
-12668
-11433
-11319
-13284
-15100
-14188
-9970
-3251
5168
13181
19535
22938
21415
14957
4528
-6817
-14181
-14147
-7491
1897
9670
11890
8828
1580
-5678
-9731
-8816
-3808
2255
6575
8197
7505
5322
2723
849
-249
-469
0
886
1774
2439
2992
3314
3934
4845
5775
7124
8049
8530
8744
8459
7761
7842
9255
12406
16241
17682
14617
5497
-5621
-14243
-15663
-9999
1266
11977
16832
12019
1275
-10104
-15885
-14498
-5743
5639
14409
18292
17740
14244
9955
7843
7303
8169
9730
10146
9867
8533
6477
3691
489
-2220
-3761
-4299
-3593
-2238
-891
-53
-107
-1025
-2370
-3275
-3668
-3818
-4586
-5929
-8030
-9465
-8825
-4919
1784
8384
11386
9298
2989
-5468
-12655
-16787
-17710
-15813
-13044
-9775
-8698
-10001
-13654
-16942
-19429
-18869
-13888
-6469
2671
10170
13093
11706
5396
-3301
-11947
-16978
-18306
-15545
-9507
-2524
3137
6501
6922
5463
2207
-1475
-4554
-5979
-5476
-3749
-1685
-267
79
-439
-1282
-1662
-816
1362
4246
7325
9126
9039
7072
2872
-1958
-6473
-9405
-11258
-11323
-10808
-11129
-11648
-13159
-14130
-13429
-9542
-2189
6550
14359
18942
20380
18275
13308
6935
-630
-7693
-13126
-15868
-16665
-15279
-12224
-8023
-4444
-1719
