49933
35255
6746
-26943
-56733
-71169
-70823
-61495
-53263
-48241
-49923
-56176
-64539
-67105
-65237
-61634
-58038
-62770
-67667
-70895
-71130
-61595
-53411
-51268
-61143
-74194
-88661
-90818
-73783
-31385
17759
57396
70017
56596
17267
-30086
-69731
-84607
-81409
-67133
-51481
-45016
-50283
-58640
-63536
-56188
-46159
-39581
-43340
-54085
-62724
-62292
-49011
-20164
11020
34345
42235
31309
6725
-18789
-34289
-37586
-32784
-25079
-20300
-17934
-18653
-18614
-15156
-9067
-2454
3116
5970
5923
3501
0
-2333
-1434
3299
9348
11948
7809
-2382
-14382
-20711
-17871
-3699
15342
30333
31758
15915
-11005
-37813
-56279
-62647
-55442
-36801
-15850
7221
28082
45733
56545
58343
55071
52131
47520
48316
52420
56156
63246
66029
65305
62985
57725
50477
48856
55484
71863
91223
96623
77944
28685
-28778
-71719
-77754
-49043
6147
57719
80651
57377
6074
-48174
-75919
-69603
-27758
27498
71062
91458
90163
73799
52742
42631
40884
47296
58540
63778
65226
59767
48515
29904
4349
-22065
-42884
-58386
-61619
-53839
-38357
-17271
5558
23312
33084
31868
26553
21365
20300
21052
23030
21953
16476
7308
-2067
-7323
-7071
-3669
-565
0
-2222
-5714
-8797
-10222
-10321
-9116
-9321
-12098
-18407
-25204
-31663
-33498
-26743
-13469
5998
24600
34076
32767
16248
-10697
-41717
-63988
-74619
-68719
-45733
-13266
18106
41442
49099
43513
19963
-15365
-55670
-87969
-100537
-90832
-59357
-16920
22710
51152
62925
52095
18895
-25113
-65278
-96894
-106212
-94138
-66793
-24865
15680
48295
65798
74257
70747
64246
63172
63350
68785
71184
65372
44992
10021
-29165
-62313
-80266
-84480
-74230
-53054
-27178
2430
29270
49321
58975
61358
55814
44377
28993
16016
6190
