10380
7109
1322
-5140
-10554
-12931
-12587
-10706
-9096
-8092
-8236
-9126
-10337
-10609
-10192
-9526
-8884
-9526
-10192
-10609
-10586
-9126
-7886
-7551
-8992
-10906
-13039
-13376
-10894
-4650
2643
8589
10546
8589
2643
-4650
-10894
-13376
-13039
-10906
-8493
-7551
-8587
-10209
-11292
-10209
-8587
-7551
-8493
-10906
-13039
-13376
-10894
-4650
2643
8589
11045
8589
1942
-5733
-11102
-12976
-12134
-10014
-8809
-8531
-9828
-11002
-10213
-7113
-2306
3655
9325
13865
16383
15439
10919
3358
-5153
-10964
-11227
-6126
1605
8501
10912
8501
1605
-6126
-11227
-10964
-5153
3358
10919
15439
16383
13865
8826
3655
-1605
-6030
-9507
-11402
-11433
-10506
-9698
-8634
-8587
-9126
-9590
-10609
-10893
-10609
-10088
-9126
-7886
-7551
-8493
-10906
-13740
-14459
-11600
-4250
4249
10563
11435
7209
-904
-8501
-11908
-8501
-904
7209
11435
10563
4249
-4250
-11102
-14459
-14441
-11989
-8701
-7151
-6982
-8234
-10404
-11588
-12134
-11402
-9507
-6030
-904
4738
9532
13464
14778
13464
10031
4738
-1605
-7113
-10712
-11002
-9828
-8531
-8809
-10014
-12134
-12976
-11102
-5733
1942
8589
11045
8589
2643
-4650
-10396
-13376
-13740
-11989
-9698
-7151
-6281
-7151
-9698
-11989
-13740
-13376
-9898
-4650
1942
7506
9840
8989
4249
-2675
-10005
-14756
-16586
-14756
-9507
-2675
3548
7906
9134
7906
3548
-2675
-9507
-14756
-16586
-14756
-9507
-2675
3548
7906
9632
7906
2846
-3758
-9715
-14356
-15682
-13865
-9823
-3655
2306
7113
9715
11002
10529
9614
9515
9614
10529
11002
10213
7113
1605
-4738
-10280
-13464
-14427
-12923
-9429
-4938
452
5584
9665
11892
12755
11985
9864
6686
3841
1548
