10380
6286
1002
-3198
-5056
-4269
-2231
-238
1211
2321
3599
5311
7442
9008
9867
10244
10391
11906
13401
14472
14787
12892
11130
10520
12212
14249
16159
15477
11557
4426
-2197
-6018
-5923
-3572
-700
516
-484
-2665
-4586
-5452
-5453
-5863
-7741
-10368
-12618
-12310
-10988
-10103
-11722
-15330
-18440
-18802
-15035
-6222
3382
10357
12342
8723
1751
-4451
-7128
-6487
-4268
-1995
-391
947
2604
4575
5736
4984
1917
-3479
-9892
-16042
-20303
-20172
-14829
-4678
7273
15488
15682
8356
-2110
-10625
-12763
-9142
-1554
5202
8082
6381
2252
-963
-1453
343
2904
4577
4228
2274
-1216
-5332
-9507
-12584
-13652
-13343
-12904
-11873
-12048
-12905
-13502
-14692
-14651
-13674
-12280
-10321
-8130
-6935
-6751
-7217
-7153
-5396
-2566
-283
-377
-2568
-4512
-3901
616
6913
11137
8892
1034
-8856
-14841
-14278
-5903
5992
15693
20244
19781
15860
10964
8453
7608
8104
9018
8563
7306
5223
2933
936
0
735
2941
6168
8898
9949
8695
4663
-1749
-8408
-13498
-14555
-13462
-11944
-12452
-14118
-16856
-17540
-14409
-7043
2222
8984
10330
6984
1801
-2517
-4102
-3252
-1220
799
2146
2669
3270
4732
7709
11011
14165
15127
12049
5993
-2612
-10395
-13854
-12711
-5962
3678
13313
18740
19805
16286
9507
2365
-2689
-4919
-4376
-2610
-629
59
-1265
-4232
-7248
-8588
-6844
-2271
3435
8502
11266
9881
3742
-5126
-13570
-20280
-22134
-19316
-13340
-4775
2858
8230
10306
10472
8752
6736
5344
3998
2790
1221
-454
-1417
-564
2368
6600
10454
13005
13124
10536
5954
-578
-7471
-13339
-16716
-18038
-16847
-13614
-8946
-4915
-1867
