-10380
-6824
-1214
4500
8773
10160
9301
7398
5840
4791
4457
4467
4517
4073
3365
2628
1965
1583
1131
589
0
-507
-875
-1255
-1989
-3009
-4305
-5135
-4761
-2276
1430
5085
6771
5935
1953
-3653
-9056
-11711
-11976
-10469
-8493
-7842
-9234
-11338
-12919
-12005
-10354
-9317
-10702
-14007
-17036
-17747
-14652
-6329
3634
11913
15428
12062
2738
-8101
-15701
-18337
-17107
-14064
-12304
-11833
-13515
-14975
-13736
-9438
-3013
4694
11750
17108
19755
18154
12493
3729
-5541
-11386
-11227
-5881
1474
7443
9071
6679
1186
-4233
-7208
-6492
-2789
1644
4772
5927
5409
3825
1953
608
-178
-335
0
633
1269
1746
2146
2382
2835
3503
4191
5193
5895
6281
6477
6306
5827
5933
7060
9549
12620
13880
11600
4414
-4569
-11731
-13083
-8477
1090
10489
15005
10918
1181
-9565
-15380
-14377
-5843
5895
15507
20306
20360
16942
12305
10105
9844
11564
14532
16073
16686
15519
12787
8001
1181
-6085
-12011
-16613
-17820
-15832
-11477
-5262
1726
7387
10712
10562
9027
7469
7323
7868
8966
8967
7128
3394
-1051
-4204
-4827
-3297
-873
1283
2300
2223
1525
666
0
-397
-697
-1189
-2146
-3308
-4536
-5135
-4326
-2276
1051
4444
6318
6212
3140
-2102
-8317
-12919
-15234
-14165
-9507
-2778
3815
8780
10450
9296
4278
-3301
-11980
-18951
-21671
-19578
-12787
-3641
4879
10966
13454
11103
4012
-5311
-13739
-20287
-22109
-19472
-13721
-5070
3171
9682
13067
14597
13757
12347
11990
11863
12696
12937
11685
7900
1726
-4920
-10280
-12925
-13251
-11314
-7838
-3880
334
3859
6205
7041
6903
5866
4311
2567
1268
427
