-10380
-7220
-1363
5376
11196
13906
13716
11816
10164
9151
9423
10559
12091
12540
12170
11487
10814
11702
12631
13259
13339
11590
10091
9733
11671
14249
17145
17695
14496
6222
-3555
-11610
-14322
-11716
-3620
6394
15035
18523
18113
15194
11863
10572
12048
14351
15898
14393
12120
10667
12005
15422
18440
18914
15399
6569
-3730
-12109
-15551
-12073
-2725
8027
15507
18078
16856
13868
12158
11731
13462
15008
13870
9615
3102
-4890
-12408
-18342
-21542
-20172
-14172
-4328
6594
13924
14147
7656
-1989
-10443
-13283
-10251
-1916
7241
13132
12686
5896
-3798
-12201
-17040
-17852
-14910
-9363
-3823
1655
6124
9507
11221
11068
9999
9070
7930
7741
8069
8312
9008
9055
8627
8019
7086
5976
5580
6114
7642
9361
9568
7448
2644
-2559
-6147
-6422
-3901
471
4250
5705
3894
395
-2998
-4512
-3942
-1494
1403
3425
4147
3827
2915
1925
1425
1238
1278
1385
1286
1077
760
422
134
0
105
423
897
1312
1494
1335
735
-284
-1417
-2370
-2675
-2604
-2447
-2718
-3306
-4268
-4842
-4380
-2384
849
3935
5291
4294
1376
-2517
-5839
-7784
-8273
-7459
-6226
-4732
-4279
-5011
-6982
-8859
-10412
-10386
-7868
-3781
1614
6374
8529
7948
3830
-2457
-9357
-14045
-16057
-14522
-9507
-2717
3658
8270
9690
8502
3866
-2952
-10624
-16688
-18976
-17073
-11120
-3162
4237
9533
11725
9712
3527
-4697
-12242
-18232
-20067
-17871
-12749
-4775
3032
9410
12927
14720
14161
12995
12922
13114
14422
15129
14096
9850
2230
-6601
-14359
-18851
-20242
-18166
-13275
-6962
638
7888
13662
16816
18038
16947
13943
9445
5421
2182
