10380
6529
1099
-3798
-6776
-6998
-5501
-3534
-2012
-898
0
1013
2287
3502
4454
5155
5704
7039
8472
9744
10586
9814
9023
9105
11331
14249
17537
18394
15217
6556
-3738
-12109
-14731
-11811
-3555
6076
13727
16129
14918
11728
8493
6935
7138
7544
7250
5525
3753
2493
1879
1210
0
-1484
-2410
-1535
1155
4648
7091
6347
1614
-5266
-11102
-13954
-13883
-12075
-11100
-11146
-13219
-15129
-14266
-10028
-3261
5153
13025
19066
22035
20172
13759
4049
-5896
-11790
-11227
-5626
1334
6282
7006
4601
701
-2022
-2484
-1217
0
-373
-2416
-5097
-7160
-7504
-5667
-2701
1334
5538
9507
12261
13081
12668
12220
11281
11549
12550
13395
14957
15405
14957
14091
12550
10607
9866
10702
13151
15720
15549
11600
3903
-3532
-7805
-7342
-3901
395
2807
2634
943
0
800
2530
3487
1857
-2300
-7128
-10684
-12004
-11011
-8701
-7690
-7988
-9929
-13110
-15140
-16320
-15679
-13279
-8501
-1278
6680
13314
18515
19876
17592
12640
5713
-1836
-7649
-10712
-10105
-8170
-6304
-5656
-5420
-5303
-4284
-2456
-636
0
-953
-2444
-2836
-1155
2517
6675
9884
11421
11011
9698
7690
7186
8623
12220
15664
18480
18394
13826
6556
-2746
-10582
-13745
-12361
-5715
3495
12607
17793
18976
15868
9507
2457
-2949
-5842
-5864
-4279
-1551
883
2103
1637
0
-1637
-2103
-883
1551
4279
6184
5842
2366
-3452
-9715
-15438
-17942
-16719
-12378
-4775
3102
9781
13570
15511
14890
13554
13291
13221
14161
14375
12869
8577
1836
-5095
-10280
-12366
-11992
-9549
-6054
-2672
198
1844
2138
1320
0
-1330
-2182
-2207
-1679
-838
