-10380
-6649
-1146
4086
7598
8302
7070
5129
3589
2496
1822
1215
459
-471
-1356
-2107
-2741
-3759
-4882
-5959
-6797
-6570
-6269
-6545
-8410
-10906
-13832
-14947
-12742
-5660
3330
11148
14033
11664
3648
-6495
-15338
-18907
-18431
-15355
-11863
-10422
-11662
-13584
-14656
-12864
-10453
-8832
-9490
-11569
-13039
-12510
-9443
-3696
1903
5514
6203
4115
766
-1769
-2456
-1727
-539
445
1172
1887
3032
4341
4893
3995
1481
-2631
-7412
-12018
-15322
-15439
-11583
-3752
6027
13346
14147
7951
-2136
-11545
-15060
-11874
-2260
8659
15870
15437
7198
-4635
-14829
-20543
-21264
-17471
-10744
-4275
1794
6397
9507
10664
9910
8351
6982
5543
4823
4372
3784
3273
2410
1412
448
-405
-1050
-1671
-2620
-4303
-6582
-8121
-7448
-3060
3378
9156
10694
7209
-959
-9499
-13928
-10348
-1139
9357
15215
14345
5864
-5936
-15631
-20438
-20413
-16880
-12154
-9869
-9482
-10956
-13503
-14602
-14770
-13337
-10624
-6397
-904
4431
8262
10703
10639
8644
5634
2270
-633
-2194
-2370
-1464
-437
379
1172
2215
3743
5120
5318
3220
-1247
-6183
-8780
-7445
-2472
4650
11028
14947
16071
14594
12220
9281
8358
9711
13385
16746
19345
18907
13991
6547
-2713
-10359
-13363
-11961
-5515
3371
12179
17260
18534
15653
9507
2502
-3075
-6285
-6576
-5076
-1993
1281
3751
4552
3669
1964
422
-119
472
1749
2971
3119
1363
-2111
-6237
-10335
-12466
-12018
-9187
-3655
2446
7948
11363
13392
13267
12478
12661
13056
14532
15368
14379
10054
2269
-6671
-14359
-18582
-19593
-17195
-12238
-6222
550
6531
10800
12615
12755
11209
8550
5315
2765
994
