-10380
-8134
-1666
6913
14742
18287
17582
14400
11462
9258
8236
7586
6637
4636
2255
0
-1965
-4163
-6544
-8819
-10586
-10441
-9937
-10156
-12560
-15423
-18213
-17991
-13727
-5320
2643
7140
6771
3754
585
0
2410
5846
8372
9066
8493
8639
10820
13731
15773
14438
11994
10156
10702
12478
13039
11119
6994
2032
-585
0
2444
3754
1247
-4766
-11102
-14846
-15290
-13469
-12304
-12065
-13728
-14798
-12869
-8138
-2306
3038
5987
6059
3624
0
-2416
-1467
3308
9114
11227
7009
-2022
-11434
-15242
-12022
-2242
8239
14147
12544
5153
-2791
-7010
-6747
-3624
0
1953
1597
-1030
-5012
-9507
-13045
-14406
-14131
-13546
-12210
-11994
-12274
-12084
-12138
-10893
-8819
-6477
-3988
-1745
0
1879
4766
8822
12019
11600
4863
-5354
-14207
-15972
-10195
1263
11434
15005
9726
904
-5993
-7342
-4616
-940
0
-2456
-6319
-9272
-9966
-8701
-8182
-8798
-11075
-14532
-16388
-16949
-15336
-11980
-6899
-904
3938
6120
5884
3269
0
-2219
-2071
1030
5913
10712
12588
12384
11474
12304
14162
16949
17453
13989
6559
-1942
-7140
-7091
-3754
-585
0
-2300
-5846
-8822
-9966
-9698
-8182
-7915
-9618
-13546
-16955
-19192
-17991
-12472
-5320
1942
6239
6318
3928
940
0
2213
6449
10649
12266
9507
3061
-4471
-10634
-12758
-11181
-4956
3598
11980
16883
16586
12266
6104
1169
-785
0
2131
3455
1827
-3124
-9715
-16425
-19760
-18648
-13721
-5169
3221
9567
12242
12588
10529
7992
6109
4201
2329
0
-2259
-3108
-1030
3938
10280
15404
18179
17381
13170
6983
-631
-7510
-12179
-13606
-12755
-9963
-6333
-2922
-850
0
