10380
6036
901
-2569
-3256
-1435
1118
3070
4357
5355
6846
8982
11551
13032
13401
13100
12508
13457
14158
14194
13339
10559
8130
6677
6473
5902
4586
2076
-484
-1131
1155
5344
8383
8175
2880
-5607
-14139
-18246
-18295
-15422
-11863
-10207
-10988
-12067
-11979
-9377
-6507
-4394
-3351
-2173
0
2665
4298
2706
-2003
-7889
-11717
-10152
-2485
7749
15507
18349
17025
13660
11433
10287
10709
10472
8118
4425
1008
-889
-414
2152
5762
8356
7861
2969
-5312
-12686
-14147
-8196
2230
12009
15363
11690
2110
-7525
-12546
-10790
-4283
2222
5231
4428
1455
-1538
-2723
-1827
1093
5120
9507
12895
14169
13899
13385
12173
12120
12638
12761
13259
12463
10774
8744
6394
4106
2493
1130
-727
-3641
-6624
-7448
-3456
4113
11658
13920
9419
-1238
-11950
-16832
-11843
-1216
9155
13375
11049
3830
-3140
-6235
-5396
-2560
266
1925
2974
4204
6393
9730
12461
14489
14696
12911
8443
1278
-6634
-12945
-17354
-17646
-14479
-9381
-3679
966
2958
2370
244
-1742
-3184
-4948
-7400
-10938
-13573
-12986
-7281
2612
11966
15612
12073
3620
-6076
-12655
-14763
-13302
-9749
-6226
-3276
-1664
-476
1291
3958
7153
9372
8579
4722
-2222
-9381
-13093
-12448
-5997
3771
13808
19521
20555
16688
9507
2271
-2417
-3952
-2818
-877
315
-767
-4554
-9765
-13787
-14522
-10624
-3286
4665
10872
13561
11168
3954
-5028
-12242
-16610
-16167
-12260
-7072
-1978
811
1104
-432
-2675
-4601
-5982
-7564
-9150
-11473
-13266
-13255
-9703
-2252
6700
14359
18199
18461
15275
10002
4535
-343
-3250
-3813
-2370
0
2388
3892
3891
2911
1422
