435549
435366
426144
404600
370802
325186
262539
165931
27367
-92552
-146779
-140570
-70605
53478
153997
190565
162709
41277
-122981
-204669
-230748
-232513
-218466
-177533
187017
549418
613395
682753
793405
-726004
-659373
-661482
-717509
-818734
696433
553235
421527
326300
279424
290193
383477
520078
584985
575603
496275
367613
283925
273931
326586
434956
558799
660028
766196
-552302
-242025
-174063
-150041
-149640
-180524
-270377
-419945
-529303
-576489
-591794
-582706
180248
213110
223460
229947
231088
223127
204412
185361
187093
220363
280386
357563
448877
561654
702159
-806646
-710561
-657069
-635684
-658622
266028
200789
150655
84104
-4039
-117636
-259882
-408055
-511243
-550450
-526888
-441656
-330624
-240423
-165352
-36550
442489
616142
697040
781663
-767060
-680068
-637546
-665192
-802992
686067
617470
597026
599431
618120
648079
673741
671470
641477
607680
587754
588209
617758
701409
-792336
-671325
-633112
-658968
-754511
759997
682993
676250
737178
-780956
-665660
-621450
-643509
-757741
710920
612524
578898
577203
605883
699013
-749443
-628407
-622541
-684691
-788123
758805
681645
606994
382356
-85491
-170331
-222923
-308003
-753578
649721
570943
494796
401837
304360
238029
239727
380789
572742
638195
652737
650457
640155
620826
480638
-165455
-182595
-173891
-127209
-2851
154460
232194
254936
252719
234021
187194
-117685
-516060
-583873
-637636
-733595
488235
243834
161401
90429
5887
-110608
-266091
-416252
-513858
-559538
-553600
-472499
-326718
-234037
-213095
-251191
-372264
-531785
-616160
-644414
-646246
-629541
-577541
-183838
123446
197076
277105
397226
520647
579102
566770
491481
378022
274971
190958
74367
-352403
-576544
-654418
-724135
-815686
713026
607736
553839
553700
599579
665217
708587
709309
659938
553483
423517
326885
263715
208251
33395
-525715
-587253
-618792
-660382
439199
223028
196544
186228
189215
211021
250539
284761
282973
231103
131568
17445
-72218
-135417
-192121
-386543
709986
658457
634992
606882
-131665
-184142
-194930
-204303
-290233
644445
636271
634486
634092
634168
633874
627474
-185907
-188826
-191839
-195123
-196888
-191482
-165580
-88455
56090
170528
218894
234937
236390
228449
204660
-27527
-549753
-600574
-655035
-746083
777924
692945
676293
721171
-817669
-668501
-535232
-432009
-344864
-262956
-173298
-14804
419110
590422
648003
673383
675061
646289
573580
458524
343989
252136
164170
61520
-48913
-136002
-187233
-208902
-211795
-206974
-203595
-202972
-200831
-190756
-162245
-48104
508770
631423
704450
781607
-779081
-684840
-572148
-372524
-11717
181624
294120
391131
482562
565492
642373
759230
-374380
-225287
-192969
-183443
-182271
-178945
-156557
-84183
54981
178154
240530
265018
262267
225667
135839
1299
-102135
-154507
-176107
-166518
622099
646443
682805
750838
-785682
-672030
-607388
-586020
-586571
-587028
-565130
-500983
-384971
-242019
-114799
-12896
71711
149514
240351
443136
-789293
-639830
-548814
-453749
-347787
-257678
-212896
-236018
-370401
-539178
-614295
-638627
-639202
-617348
-550627
-396085
-253133
-217105
-246221
-317671
-421837
-546957
-678809
-799169
753267
684295
631059
554361
-92953
-170653
-182671
-183339
-183876
-196426
-240616
-338916
-468293
-570350
-648422
-730906
811638
700256
620107
582485
581976
615636
682607
775631
-765780
-654989
-542080
-433476
-334579
-239510
-132687
-6843
105825
167280
172028
116127
-3776
-139468
-243205
-328940
-421499
-535777
-663676
-779296
771367
681322
582453
467874
354211
267078
213739
190240
192076
211901
236875
253022
252215
229392
175586
77027
-50471
-147774
-199072
-219581
-221070
-210640
-195370
-182852
-179198
-183934
-192315
-199668
-202841
-197649
-171898
-93147
60141
173550
214685
225805
227845
230608
245896
634660
-637897
-607188
-571642
-471625
60470
215284
293889
377348
469927
560535
647873
799228
-357689
-241429
-225423
-259667
-366885
-516587
-601015
-628943
-631740
-624555
-614843
-603795
207049
207754
201169
194806
196263
219287
290423
427305
546365
599027
610258
580189
-64325
-185279
-230796
-287618
-377300
-519814
-680796
-798593
767173
696674
603149
346199
-24824
-159332
-259630
-363347
-463682
-544859
-605845
-675029
384992
244562
228294
226285
224433
209210
152845
15127
-120473
-163337
-141683
-63745
58383
161594
214809
234191
235895
232249
231910
236152
235111
215268
168208
90986
-12264
-129942
-250879
-366371
-466510
-546258
-611824
-693158
473231
252771
218369
206956
204781
209045
223052
369074
-642876
-609640
-573693
-507738
-387393
-256069
-184120
-159736
-160451
-177170
-214054
-359673
742532
651662
597763
529612
423448
290058
193204
150889
150971
196333
309636
463673
562358
603369
607524
535097
-118739
-195447
-254737
-331656
-427453
-527288
-621823
-747797
490853
265948
208154
185027
182136
203227
261568
367671
494026
599871
687822
773197
-778578
-662973
-526091
-396443
-303988
-247784
-217509
-208082
639118
623520
611027
601304
603650
634225
715003
-808785
-706450
-640622
-581813
-418114
112512
213220
284026
375983
485757
565690
583864
527285
398740
278788
207449
150057
-134824
-570727
-607535
-617417
-617906
-610317
-587131
-414589
155227
211475
258647
327580
437067
568402
661535
702474
701154
655839
557510
430986
331556
263656
202825
80367
-453712
-593446
-658911
-725667
-813988
709782
563564
436902
342947
266946
187538
79850
-53967
-151772
-195103
-207354
-205198
-196280
-179922
-96978
599762
627685
641706
660490
-445939
-199121
-186608
-182142
-181950
-186807
-202342
-334207
676518
640573
619615
605791
605117
627871
682223
768367
-771870
-654128
-531532
-417368
-324041
-249052
-174050
-6083
487346
610555
677821
755813
-782472
-667566
-595187
-568004
-568049
-577194
-572256
-513092
-362747
-238755
-192108
-179088
-178860
-183961
-192293
-215990
652702
636164
631805
630051
628853
627103
624167
622208
625003
633145
641461
646407
645635
636511
609363
454759
-105962
-186327
-249134
-329248
-428746
-531805
-628693
-732153
794197
691271
636580
617821
616095
620380
624080
558880
-190739
-198827
-217111
-279591
745566
623600
561096
483598
387464
299060
252539
281636
434441
571399
611134
616256
619210
642408
710369
-819544
-708765
-631472
-559292
-393839
56195
206829
300394
401271
500005
564273
570672
488043
340111
269123
278857
349987
464687
558990
592880
553985
420584
292534
254846
282471
378457
546017
697381
796173
-769137
-669863
-524004
-366066
-268438
-231215
-250568
-354916
-500043
-557410
-541165
-474738
-372033
-258618
-150423
-39195
75566
164207
209006
222370
223907
234328
280245
394976
529907
589643
581507
513229
392497
287932
245795
270061
389468
561940
652418
683396
684647
657789
572868
387348
258293
243518
296485
393037
495805
580641
660843
820048
-372147
-220275
-140679
-54487
50424
144234
189906
169632
50121
-129020
-226253
-260055
-256436
-211177
-104280
36745
135229
193419
247071
478035
-679917
-618938
-576497
-495720
1026
209829
284790
360494
451359
550957
649609
775481
-470636
-237655
-184132
-166429
-164916
-175595
-200195
-276973
734997
652455
629221
619359
618079
626600
656259
-751134
-267534
-199143
-131798
-32475
84878
164378
184355
138379
12035
-127496
-202179
-230196
-230475
-208673
-171688
-140405
-139357
-176252
-244426
-332591
-432466
-543241
-663382
-780454
767097
687157
616378
514915
46547
-162469
-208924
-227042
-227048
-201767
-125115
26361
152652
195484
180859
109249
-19649
-137248
-198441
-220477
-219187
-201805
-175648
-155434
-157908
-180845
-204929
-218272
-218574
-204778
-165785
