-504
-502
-294
139
743
1414
2021
2467
2720
2806
2795
2746
2688
2615
2517
2415
2368
2450
2691
3026
3282
3234
2716
1710
394
-924
-1934
-2482
-2632
-2616
-2683
-2923
-3200
-3211
-2680
-1559
-121
1129
1690
1337
259
-1003
-1808
-1748
-844
449
1481
1723
1036
-262
-1549
-2190
-1817
-483
1372
3113
4158
4186
3227
1627
-89
-1405
-1961
-1670
-710
554
1729
2522
2846
2811
2631
2502
2481
2470
2273
1711
745
-496
-1754
-2750
-3283
-3288
-2809
-1956
-834
448
1756
2889
3593
3635
2920
1594
42
-1225
-1766
-1411
-347
933
1856
1991
1247
-119
-1629
-2802
-3357
-3303
-2878
-2407
-2143
-2176
-2427
-2727
-2931
-2965
-2864
-2711
-2597
-2565
-2611
-2689
-2747
-2756
-2711
-2629
-2541
-2475
-2450
-2469
-2522
-2588
-2642
-2662
-2632
-2556
-2461
-2387
-2383
-2480
-2667
-2876
-3008
-2969
-2740
-2403
-2131
-2107
-2408
-2929
-3383
-3411
-2776
-1496
87
1440
2061
1724
611
-757
-1745
-1898
-1151
136
1356
1921
1515
221
-1522
-3126
-4067
-4073
-3188
-1719
-96
1282
2176
2558
2581
2483
2464
2599
2794
2843
2526
1740
575
-690
-1662
-1988
-1489
-254
1380
2919
3885
3962
3121
1624
-56
-1385
-1955
-1627
-572
779
1883
2281
1752
397
-1386
-3035
-4010
-3983
-2951
-1261
508
1756
2075
1427
150
-1169
-1949
-1851
-931
391
1525
1956
1468
215
-1368
-2749
-3533
-3599
-3117
-2451
-1988
-1979
-2432
-3113
-3646
-3668
-2991
-1701
-152
1164
1811
1593
648
-591
-1577
-1865
-1296
-42
1470
2745
3420
3399
2853
2147
1667
1669
2163
2912
3526
3619
2977
1672
56
-1347
-2061
-1852
-839
528
1661
2055
1498
142
-1570
-3088
-3966
-3988
-3212
-1895
-374
1043
2149
2848
3142
3102
2848
2530
2303
2278
2473
2794
3043
3007
2531
1610
408
-814
-1797
-2406
-2664
-2730
-2785
-2914
-3046
-2986
-2525
-1584
-300
990
1866
2003
1309
-33
-1619
-2986
-3766
-3788
-3102
-1922
-533
798
1869
2585
2932
2977
2832
2630
2493
2494
2645
2883
3090
3117
2828
2127
1013
-403
-1893
-3147
-3842
-3754
-2861
-1394
210
1431
1872
1413
290
-1002
-1898
-1997
-1234
133
1636
2819
3422
3452
3123
2713
2426
2316
2323
2358
2379
2431
2574
2808
3027
3037
2647
1782
544
-811
-1974
-2720
-2989
-2901
-2672
-2499
-2463
-2491
-2387
-1940
-1030
287
1779
3086
3839
3792
2923
1470
-138
-1400
-1926
-1576
-526
796
1852
2202
1655
346
-1327
-2843
-3740
-3759
-2914
-1476
131
1452
2135
2024
1188
-124
-1552
-2740
-3420
-3469
-2907
-1870
-557
813
2040
2955
3439
3420
2898
1948
725
-567
-1716
-2551
-2990
-3057
-2866
-2597
-2422
-2454
-2697
-3034
-3262
-3165
-2604
-1589
-287
1030
2087
2715
2911
2821
2659
2588
2641
2708
2589
2098
1160
-134
-1542
-2755
-3491
-3584
-3027
-1965
-642
668
1736
2428
2731
2725
2555
2367
2262
2279
2389
2533
2657
2729
2751
2742
2719
2689
2654
2617
2606
2643
2744
2872
2955
2916
2723
2436
2199
2171
2425
2864
3222
3175
2508
1268
-205
-1393
-1837
-1382
-270
941
1640
1463
487
-807
-1765
-1894
-1107
234
1494
2076
1686
455
-1160
-2599
-3440
-3519
-2927
-1885
-626
674
1882
2856
3413
3373
2652
1367
-156
-1448
-2074
-1823
-800
591
1787
2283
1820
484
-1329
-3043
-4105
-4166
-3211
-1551
267
1653
2185
1758
629
-692
-1645
-1831
-1179
65
1458
2561
3116
3127
2804
2435
2233
2259
2434
2623
2725
2720
2659
2596
2550
2494
2388
2242
2123
2134
2343
2705
3052
3140
2763
1860
584
-731
-1677
-1931
-1374
-155
1364
2728
3540
3572
2829
1539
59
-1199
-1900
-1852
-1068
254
1768
3078
3837
3839
3078
1741
171
-1234
-2106
-2211
-1499
-143
1508
2988
3845
3790
2800
1160
-597
-1888
-2278
-1677
-388
1015
1918
1939
1098
-211
-1385
-1888
-1480
-290
1256
2637
3446
3506
2887
1793
472
-880
-2098
-3032
-3512
-3388
-2607
-1302
193
1428
2006
1745
770
-554
-1784
-2599
-2941
-2972
-2941
-2999
-3086
-2975
-2422
-1363
-20
1169
1737
1442
420
-858
-1788
-1920
-1169
127
1379
2002
1676
469
-1206
-2773
-3723
-3780
-2965
-1566
-6
1277
1951
1859
1039
-292
-1793
-3079
-3815
-3807
-3049
-1744
-240
1059
1810
1819
1093
-167
-1616
-2870
-3599
-3617
-2928
-1726
-327
942
1844
2320
2481
2538
2671
2934
3201
3237
2813
1853
508
-865
-1832
-2042
-1385
-27
1629
3082
3915
3898
3068
1686
132
-1221
-2135
-2569
-2665
-2654
-2733
-2937
-3131
-3064
-2516
-1448
-75
1197
1932
1857
991
-352
-1722
-2709
-3129
-3057
-2745
-2462
-2346
-2336
-2222
-1773
-877
394
1789
2981
3681
3722
3109
1986
586
-831
-2037
-2869
-3255
-3222
-2904
-2498
-2229
-2257
-2606
-3122
-3529
-3509
-2865
-1636
-114
1239
1984
1895
1045
-214
-1439
-2302
-2718
-2846
-2926
-3100
-3293
-3243
-2679
-1527
-44
1280
1925
1631
559
-760
-1670
-1733
-930
311
1351
1662
1072
-166
-1555
-2623
-3154
-3236
-3139
-3082
-3075
-2907
-2326
-1259
76
1208
1663
1232
128
-1092
-1800
-1620
-642
625
1514
1552
708
-592
-1683
-2000
-1369
-78
1253
1970
1674
390
-1448
-3190
-4217
-4169
-3067
-1291
557
1876
2269
1698
489
-803
-1614
-1607
-794
484
1753
2627
2974
2934
2786
2740
2798
2759
2352
1440
154
-1123
-1922
-1911
-1087
202
1392
1934
1518
210
-1586
-3276
-4291
-4292
-3277
-1592
204
1521
1953
1429
239
-1080
-1958
-2010
-1198
186
1660
2772
3286
3245
2897
2538
2353
2361
2460
2547
2596
2677
2865
3139
3331
3183
2498
1291
-148
-1347
-1859
-1499
-456
766
1572
1565
730
-549
-1667
-2085
-1553
-214
1482
2982
3846
3886
3173
1952
509
-911
-2131
-3029
-3498
-3457
-2880
-1835
-515
822
1913
2595
2851
2801
2629
2498
2492
2590
2716
2795
2809
2788
2794
2858
2937
2918
2653
2028
1018
-269
-1619
-2767
-3460
-3543
-2995
-1930
-572
808
1962
2731
3080
3079
2875
2624
2438
2366
2396
2483
2591
2690
2775
2841
2873
2851
2771
2658
2566
2561
2676
2881
3063
3065
2727
1965
