5542
5563
5358
5078
4715
4124
3158
1810
285
-1034
-1752
-1632
-742
541
1676
2148
1693
389
-1364
-2998
-3972
-3968
-2990
-1375
341
1595
1998
1478
304
-1021
-1941
-2079
-1370
-59
1412
2603
3251
3339
3058
2673
2390
2288
2326
2423
2527
2640
2792
2969
3075
2955
2466
1576
404
-813
-1814
-2436
-2679
-2688
-2656
-2718
-2855
-2921
-2699
-2037
-930
455
1827
2885
3423
3411
3002
2474
2120
2139
2539
3123
3551
3481
2726
1373
-212
-1512
-2070
-1704
-607
721
1689
1871
1194
-56
-1406
-2436
-2959
-3072
-3021
-3004
-3031
-2917
-2423
-1454
-175
1011
1648
1468
541
-723
-1754
-2067
-1479
-171
1404
2731
3433
3409
2854
2145
1670
1681
2175
2902
3458
3457
2709
1322
-304
-1624
-2177
-1792
-680
640
1570
1676
900
-419
-1692
-2319
-1954
-636
1222
2991
4061
4063
2998
1236
-619
-1941
-2320
-1715
-460
860
1669
1623
772
-487
-1566
-1964
-1462
-207
1363
2732
3512
3586
3122
2461
1967
1861
2159
2671
3102
3163
2683
1678
357
-937
-1820
-1999
-1361
-27
1647
3181
4099
4096
3136
1508
-277
-1642
-2157
-1706
-532
846
1851
2065
1396
89
-1401
-2615
-3279
-3375
-3093
-2708
-2425
-2316
-2338
-2410
-2493
-2614
-2813
-3070
-3265
-3197
-2695
-1721
-429
894
1940
2529
2700
2651
2627
2757
2967
3020
2652
1745
428
-933
-1882
-2069
-1408
-108
1398
2644
3302
3291
2793
2148
1710
1708
2154
2834
3391
3468
2858
1622
83
-1273
-1993
-1849
-930
400
1676
2556
2942
2992
2967
3039
3167
3119
2625
1598
235
-1023
-1691
-1505
-580
623
1502
1622
911
-290
-1406
-1890
-1480
-284
1278
2678
3487
3517
2831
1674
347
-895
-1886
-2558
-2894
-2896
-2551
-1851
-808
495
1882
3086
3805
3803
3009
1595
-43
-1401
-2048
-1802
-811
480
1515
1834
1254
-67
-1696
-3111
-3879
-3794
-2926
-1558
-74
1179
1996
2364
2429
2409
2489
2708
2957
3017
2680
1870
701
-562
-1617
-2280
-2551
-2609
-2667
-2833
-3022
-2999
-2519
-1515
-188
1039
1704
1537
620
-643
-1673
-1987
-1392
-64
1554
2934
3675
3620
2857
1652
309
-926
-1898
-2554
-2881
-2880
-2539
-1845
-807
493
1877
3081
3796
3790
2995
1601
15
-1247
-1770
-1417
-401
784
1582
1619
851
-422
-1743
-2703
-3143
-3165
-3022
-2929
-2909
-2797
-2352
-1445
-189
1064
1875
1918
1148
-184
-1625
-2735
-3257
-3196
-2779
-2323
-2087
-2174
-2512
-2917
-3185
-3187
-2921
-2521
-2186
-2099
-2326
-2767
-3166
-3229
-2738
-1688
-319
953
1708
1688
921
-301
-1554
-2473
-2893
-2889
-2696
-2547
-2541
-2589
-2482
-2013
-1103
139
1457
2549
3178
3233
2739
1809
603
-709
-1951
-2929
-3459
-3396
-2705
-1505
-76
1205
1972
1993
1253
-39
-1524
-2800
-3548
-3611
-3013
-1925
-595
723
1825
2579
2954
2993
2819
2578
2423
2452
2675
3005
3267
3270
2861
2006
804
-532
-1739
-2603
-3019
-3020
-2752
-2415
-2184
-2153
-2319
-2589
-2818
-2849
-2557
-1874
-816
507
1890
3063
3753
3757
3032
1729
180
-1193
-1990
-1978
-1162
221
1762
3031
3687
3578
2769
1501
103
-1118
-1966
-2411
-2572
-2631
-2745
-2952
-3156
-3160
-2777
-1926
-696
680
1909
2755
3136
3134
2938
2739
2630
2568
2392
1929
1069
-148
-1526
-2764
-3551
-3659
-3040
-1843
-392
910
1688
1733
1045
-157
-1520
-2681
-3366
-3449
-2957
-2004
-750
634
1967
3041
3643
3604
2876
1606
129
-1118
-1749
-1574
-676
616
1884
2779
3170
3142
2924
2738
2680
2672
2517
2021
1104
-147
-1494
-2640
-3338
-3450
-2977
-2019
-746
649
1966
3001
3569
3542
2898
1755
359
-988
-2020
-2607
-2786
-2723
-2618
-2605
-2678
-2695
-2468
-1853
-849
394
1620
2575
3107
3209
3011
2712
2495
2461
2603
2825
2976
2917
2541
1812
763
-494
-1771
-2840
-3480
-3524
-2937
-1829
-440
932
2020
2683
2937
2922
2829
2779
2779
2712
2404
1727
683
-587
-1832
-2794
-3296
-3275
-2777
-1907
-783
470
1706
2734
3333
3308
2591
1318
-174
-1425
-2031
-1798
-827
535
1837
2721
3057
2959
2687
2492
2479
2552
2481
2026
1080
-265
-1739
-2996
-3730
-3773
-3136
-1981
-559
859
2036
2812
3123
3017
2635
2189
1899
1919
2269
2807
3269
3352
2855
1777
346
-1035
-1946
-2084
-1410
-132
1357
2640
3401
3505
2991
2016
780
-530
-1746
-2702
-3237
-3220
-2614
-1518
-197
992
1697
1698
993
-206
-1547
-2659
-3263
-3244
-2651
-1641
-433
767
1791
2531
2918
2921
2528
1757
669
-612
-1898
-2946
-3515
-3442
-2702
-1453
-23
1187
1818
1683
827
-483
-1858
-2925
-3459
-3443
-3041
-2525
-2155
-2082
-2305
-2683
-2996
-3024
-2628
-1790
-633
634
1768
2575
2961
2958
2702
2377
2153
2134
2315
2601
2829
2830
2480
1743
689
-530
-1708
-2652
-3209
-3301
-2920
-2116
-988
320
1616
2682
3289
3282
2624
1454
70
-1140
-1824
-1777
-1013
233
1596
2706
3309
3344
2946
2391
1979
1915
2230
2757
3188
3198
2596
1420
-47
-1361
-2093
-1996
-1109
263
1675
2723
3193
3121
2737
2337
2144
2229
2502
2794
2948
2893
2675
2419
2271
2320
2562
2888
3114
3052
2576
1666
442
-878
-2037
-2829
-3162
-3082
-2756
-2404
-2219
-2294
-2600
-2987
-3242
-3168
-2651
-1698
-448
870
2016
2806
3174
3167
2927
2625
2400
2321
2384
2527
2667
2742
2724
2635
2529
2462
2459
2505
2541
2514
2401
2256
2183
2294
2613
3037
3338
3253
2607
1437
16
-1221
-1853
-1649
-693
632
1777
2246
1778
457
-1319
-2977
-3973
-3976
-2983
-1319
470
1805
2271
1777
573
-822
-1841
-2063
-1375
3
1620
2974
3684
3608
2839
1630
288
-937
-1893
-2524
-2833
-2828
-2513
-1869
-901
320
1629
2773
3453
3446
2690
1361
-146
-1340
-1817
-1427
-355
940
1905
2118
1453
119
-1436
-2717
-3385
-3367
-2854
-2195
-1743
-1716
-2112
-2733
-3267
-3401
-2953
-1938
-574
775
1716
1949
1378
145
-1400
-2795
-3622
-3621
-2786
-1357
246
1558
2213
2049
1147
-202
-1602
-2684
-3212
-3156
-2686
-2106
-1729
-1761
-2208
-2860
-3367
-3377
-2704
-1440
